     0/499     6.21G   0.05084   0.01818         0   0.06901       632       512         0         0         0         0    0.0504   0.02175         0
     1/499     6.15G    0.0503   0.01788         0   0.06818       813       512         0         0         0         0   0.04998   0.02017         0
     2/499     6.15G   0.04993   0.01642         0   0.06635       733       512         0         0         0         0   0.04976   0.01836         0
     3/499     6.15G    0.0498   0.01544         0   0.06524       904       512         0         0         0         0   0.04963   0.01703         0
     4/499     6.15G   0.04939   0.01426         0   0.06365       897       512         0         0         0         0   0.04957   0.01579         0
     5/499     6.15G   0.04948    0.0135         0   0.06298       697       512         0         0         0         0   0.04961   0.01471         0
     6/499     6.15G   0.04951   0.01236         0   0.06186       584       512         0         0         0         0   0.04937   0.01412         0
     7/499     6.15G   0.04943   0.01217         0   0.06161       737       512         0         0         0         0   0.04904    0.0138         0
     8/499     6.15G   0.04925   0.01246         0    0.0617       847       512         0         0         0         0   0.04921   0.01288         0
     9/499     6.15G   0.04913   0.01146         0    0.0606       438       512         0         0         0         0   0.04956   0.01197         0
    10/499     6.15G   0.04953    0.0109         0   0.06043       912       512         0         0         0         0   0.04945   0.01162         0
    11/499     6.15G   0.04865   0.01141         0   0.06007       533       512         0         0         0         0   0.04935    0.0115         0
    12/499     6.15G   0.04886   0.01102         0   0.05989       632       512         0         0         0         0   0.04923   0.01133         0
    13/499     6.15G   0.04895   0.01014         0   0.05909       534       512         0         0         0         0   0.04924   0.01079         0
    14/499     6.15G   0.04874   0.01188         0   0.06062       611       512         0         0         0         0   0.04901   0.01092         0
    15/499     6.15G   0.04857   0.01152         0   0.06009       669       512         0         0         0         0   0.04886   0.01117         0
    16/499     6.15G   0.04894  0.009855         0   0.05879       677       512         0         0         0         0   0.04865   0.01121         0
    17/499     6.15G   0.04857    0.0109         0   0.05946       770       512         0         0         0         0   0.04885   0.01049         0
    18/499     6.15G   0.04867   0.01055         0   0.05922       713       512         0         0         0         0   0.04873   0.01023         0
    19/499     6.15G   0.04852   0.01124         0   0.05976       515       512         0         0         0         0   0.04812   0.01135         0
    20/499     6.15G   0.04857      0.01         0   0.05857       764       512         0         0         0         0   0.04809   0.01143         0
    21/499     6.15G   0.04852    0.0102         0   0.05872       756       512         0         0         0         0   0.04797   0.01202         0
    22/499     6.15G   0.04797   0.01145         0   0.05942       375       512         0         0         0         0   0.04769   0.01295         0
    23/499     6.15G   0.04811   0.01172         0   0.05983       612       512         0         0         0         0   0.04738   0.01304         0
    24/499     6.15G   0.04795    0.0121         0   0.06006       693       512         0         0         0         0   0.04695   0.01375         0
    25/499     6.15G   0.04799    0.0119         0   0.05989       743       512  0.001747  0.003229 2.166e-05 4.242e-06   0.04673   0.01432         0
    26/499     6.15G   0.04795   0.01233         0   0.06028       707       512 0.0001996  0.001076 1.775e-06 1.775e-07   0.04676   0.01389         0
    27/499     6.15G    0.0475   0.01282         0   0.06032       622       512   0.01071  0.001076 5.389e-05 1.078e-05   0.04657   0.01423         0
    28/499     6.15G   0.04703   0.01215         0   0.05918       728       512   0.01066   0.01615 0.0005343 0.0001219   0.04511   0.01741         0
    29/499     6.15G   0.04707   0.01355         0   0.06063      1042       512   0.03174   0.02906  0.003216 0.0006488   0.04437   0.01823         0
    30/499     6.15G   0.04611   0.01515         0   0.06126       474       512   0.04164   0.04306  0.004183 0.0005706    0.0432   0.01898         0
    31/499     6.15G   0.04561   0.01428         0   0.05989       521       512    0.1621   0.08504   0.02366  0.003655    0.0422   0.01928         0
    32/499     6.15G   0.04493   0.01635         0   0.06128       620       512    0.1212   0.09688   0.01928  0.003319   0.04181   0.01832         0
    33/499     6.15G   0.04315   0.01598         0   0.05913       864       512   0.07257   0.08827   0.01061  0.001501   0.04095   0.02034         0
    34/499     6.15G   0.04333   0.01674         0   0.06007       468       512   0.08681    0.1012   0.01483  0.002104   0.04008   0.01869         0
    35/499     6.15G   0.04251   0.01807         0   0.06057       674       512    0.1461    0.1593    0.0349   0.00517   0.03859   0.02094         0
    36/499     6.15G   0.04101   0.01685         0   0.05786       824       512    0.2069    0.2476    0.0749   0.01267   0.03734   0.02218         0
    37/499     6.15G   0.04148   0.01603         0   0.05751       330       512    0.1379    0.2067   0.04111  0.006729    0.0377   0.02077         0
    38/499     6.15G   0.04001   0.01897         0   0.05898       484       512    0.0945    0.2304   0.02886  0.004343    0.0399   0.02141         0
    39/499     6.15G   0.04182   0.01814         0   0.05997       740       512    0.2671    0.4779    0.2074   0.03364   0.03319   0.02365         0
    40/499     6.15G   0.04069   0.01793         0   0.05862       761       512  0.005097   0.01722 9.568e-05 1.646e-05   0.04105   0.01701         0
    41/499     6.15G   0.04103   0.01646         0   0.05748       746       512   0.01059   0.02368 0.0003571 4.794e-05   0.04235    0.0169         0
    42/499     6.15G   0.03986   0.01776         0   0.05761       707       512   0.05237    0.1668  0.009868  0.001375   0.03942   0.01896         0
    43/499     6.15G   0.03901   0.01674         0   0.05575       665       512    0.1155    0.2325   0.03315   0.00412   0.03384   0.02215         0
    44/499     6.15G   0.03886   0.01893         0   0.05778       765       512    0.3817    0.5576    0.3247   0.06627   0.03031   0.02324         0
    45/499     6.15G   0.03749   0.01977         0   0.05726       450       512   0.06797    0.1798   0.01961  0.002363   0.03606   0.02031         0
    46/499     6.15G   0.03863   0.02018         0   0.05881       832       512    0.3087    0.4693    0.2223    0.0434   0.03135   0.02263         0
    47/499     6.15G   0.03971   0.02061         0   0.06033       605       512   0.09905    0.2605   0.03038  0.004153    0.0348   0.02077         0
    48/499     6.15G   0.03588   0.02215         0   0.05803       600       512    0.2211    0.4747     0.148   0.01887    0.0316   0.02214         0
    49/499     6.15G   0.03426   0.02335         0   0.05761       539       512    0.3853    0.6394    0.3458   0.05275   0.02863   0.02322         0
    50/499     6.15G   0.03512   0.01912         0   0.05424       590       512    0.3599    0.5554      0.29   0.04932   0.02929   0.02361         0
    51/499     6.15G   0.03652    0.0179         0   0.05442       453       512    0.3609    0.5216    0.2631   0.04128    0.0289   0.02423         0
    52/499     6.15G   0.03658   0.02033         0   0.05691       798       512    0.1386    0.3186   0.05457  0.006773   0.03223    0.0221         0
    53/499     6.15G   0.03333   0.02351         0   0.05683       504       512    0.2269    0.5081    0.1747   0.02803   0.03171   0.02455         0
    54/499     6.15G   0.03539   0.02116         0   0.05655       429       512    0.1846    0.3552    0.1079   0.01517   0.03232   0.02186         0
    55/499     6.15G   0.03494   0.02226         0    0.0572       612       512    0.2432    0.3003    0.1224     0.017   0.03163   0.02262         0
    56/499     6.15G   0.03425    0.0203         0   0.05455       795       512    0.3133    0.4745    0.2326   0.03094   0.02868   0.02227         0
    57/499     6.15G   0.03375   0.02243         0   0.05619       690       512    0.4865    0.6814    0.4514   0.08453   0.02575   0.02321         0
    58/499     6.15G    0.0312   0.02226         0   0.05346       609       512    0.1955    0.3262   0.09067   0.01112   0.03071   0.02151         0
    59/499     6.15G    0.0333   0.02025         0   0.05355       617       512    0.2039    0.4865    0.1329   0.02267   0.03263   0.02144         0
    60/499     6.15G   0.03384   0.02455         0   0.05839       791       512    0.4642    0.6706    0.4598   0.08718   0.02577   0.02439         0
    61/499     6.15G   0.02998   0.02446         0   0.05443       767       512    0.2847    0.5135    0.2035   0.03509   0.02955   0.02272         0
    62/499     6.15G   0.03126   0.02184         0    0.0531       782       512      0.68    0.7836    0.7228    0.2141   0.02179   0.02416         0
    63/499     6.15G   0.03154   0.02373         0   0.05527       587       512    0.3451     0.472    0.2125   0.02816   0.02848   0.02173         0
    64/499     6.15G   0.03109   0.02156         0   0.05265       988       512    0.7142    0.7492    0.7514    0.2308   0.02129   0.02347         0
    65/499     6.15G   0.02795   0.02426         0   0.05221       609       512    0.4644    0.6491    0.4197   0.07468    0.0265   0.02334         0
    66/499     6.15G   0.03085   0.02086         0   0.05171       492       512    0.4986    0.6263    0.3882   0.06354   0.02603   0.02256         0
    67/499     6.15G   0.02959   0.02298         0   0.05257       938       512   0.09649    0.3122   0.04141  0.006385   0.03701   0.02306         0
    68/499     6.15G   0.03206   0.02088         0   0.05294       792       512    0.4966    0.7374    0.4909   0.09198   0.02518   0.02287         0
    69/499     6.15G   0.02736   0.02495         0   0.05231       886       512    0.6147    0.7223    0.6258    0.1437   0.02394   0.02194         0
    70/499     6.15G   0.03042   0.01865         0   0.04907       476       512    0.5423    0.6932    0.5877    0.1436   0.02417   0.02438         0
    71/499     6.15G   0.02683   0.02492         0   0.05174       699       512    0.1993     0.338    0.1296   0.01669   0.02961   0.02328         0
    72/499     6.15G   0.03175   0.02254         0   0.05429       946       512    0.2393    0.4758    0.1372   0.02405   0.03091   0.02267         0
    73/499     6.15G   0.03164   0.02858         0   0.06021       704       512     0.322    0.6383    0.2535   0.03808   0.02685   0.02228         0
    74/499     6.15G   0.03076   0.02354         0    0.0543       567       512   0.04351    0.2594   0.01212  0.001536   0.03497   0.02527         0
    75/499     6.15G   0.03612   0.01885         0   0.05496       739       512    0.2215    0.4004    0.1113   0.01934   0.03186   0.01984         0
    76/499     6.15G   0.02961   0.02435         0   0.05396       825       512    0.4511    0.7535    0.4129    0.0836   0.02409   0.02288         0
    77/499     6.15G    0.0304   0.02201         0   0.05242       873       512    0.1402    0.3789   0.08175   0.01325   0.03438   0.02448         0
    78/499     6.15G   0.03637   0.01976         0   0.05613       548       512    0.3955    0.5221    0.2973   0.05147   0.02813   0.02268         0
    79/499     6.15G   0.03154   0.02577         0    0.0573       442       512   0.08488    0.2691   0.02786  0.004297     0.037   0.02045         0
    80/499     6.15G   0.03201   0.02187         0   0.05387       724       512    0.5691    0.7352    0.5341    0.1126   0.02344   0.02192         0
    81/499     6.15G   0.03033   0.02003         0   0.05036       612       512    0.3734    0.6329    0.2843   0.04367   0.02689    0.0216         0
    82/499     6.15G   0.03016   0.02086         0   0.05101       572       512    0.6428    0.8235    0.6522    0.1779   0.02149   0.02196         0
    83/499     6.15G   0.03162   0.01987         0   0.05148      1080       512    0.4441    0.6362    0.3405   0.06106   0.02594   0.02154         0
    84/499     6.15G   0.03091   0.02096         0   0.05187       547       512    0.6648    0.7922    0.6944    0.1737   0.02114   0.02286         0
    85/499     6.15G   0.02856   0.02024         0    0.0488       621       512    0.4075    0.6027    0.3294   0.05954    0.0264   0.02155         0
    86/499     6.15G   0.02747   0.02271         0   0.05018       713       512    0.4178    0.6631    0.3996   0.07635   0.02578   0.02107         0
    87/499     6.15G   0.02676   0.01992         0   0.04667       710       512    0.4433    0.5533    0.3819   0.07172   0.02763   0.02172         0
    88/499     6.15G   0.02791    0.0188         0   0.04671       629       512    0.8432    0.8654    0.8482    0.2484   0.02006   0.02151         0
    89/499     6.15G   0.02807   0.02262         0   0.05069       555       512    0.5499    0.6868    0.4782   0.09364    0.0244   0.02294         0
    90/499     6.15G   0.03369   0.01918         0   0.05287       668       512    0.2433    0.4327    0.1546   0.02229    0.0308   0.01995         0
    91/499     6.15G   0.02874   0.02405         0   0.05279       667       512     0.537    0.7515    0.5243    0.1073   0.02332   0.02222         0
    92/499     6.15G   0.02693    0.0221         0   0.04903       903       512    0.2365    0.3714    0.1269   0.01547   0.02917   0.02038         0
    93/499     6.15G   0.02815   0.02257         0   0.05073       580       512    0.7492    0.8977    0.8138     0.289   0.01853   0.02186         0
    94/499     6.15G   0.02567   0.02215         0   0.04782       803       512    0.8333    0.8556    0.8205    0.2473   0.02027   0.02089         0
    95/499     6.15G   0.02601   0.02197         0   0.04798       660       512    0.6937    0.6997    0.6125    0.1106   0.02454   0.02089         0
    96/499     6.15G   0.02581   0.02069         0   0.04651       474       512    0.8487    0.8934    0.8724    0.3232   0.01867   0.02144         0
    97/499     6.15G   0.02376   0.02478         0   0.04855       688       512    0.5586    0.6642     0.481    0.0952   0.02504   0.02137         0
    98/499     6.15G   0.02707   0.02123         0    0.0483       694       512    0.7619    0.8622     0.815    0.2196   0.02044   0.02071         0
    99/499     6.15G   0.02508   0.02087         0   0.04595       590       512    0.7763    0.7966    0.7087    0.1709    0.0215   0.02077         0
   100/499     6.15G   0.02727   0.02064         0   0.04791       708       512    0.7333    0.8052    0.7097    0.1528   0.02329   0.02032         0
   101/499     6.15G   0.02645   0.02287         0   0.04932       768       512    0.7247     0.831    0.7287    0.2093   0.02129   0.02043         0
   102/499     6.15G   0.02681   0.02379         0    0.0506       825       512      0.83    0.8511     0.814    0.2585   0.01919   0.02177         0
   103/499     6.15G   0.02736   0.02283         0   0.05019       705       512    0.5324     0.605    0.4255   0.07452    0.0255   0.02055         0
   104/499     6.15G   0.02545   0.02191         0   0.04736       831       512    0.3944    0.5467    0.2702   0.04605   0.02674   0.02107         0
   105/499     6.15G   0.02226   0.01951         0   0.04177       700       512    0.8038    0.8558    0.8039    0.2321   0.02075   0.02085         0
   106/499     6.15G   0.02888   0.02366         0   0.05254       966       512    0.6055     0.718    0.5433    0.1038   0.02407   0.02108         0
   107/499     6.15G   0.02508    0.0226         0   0.04768       718       512    0.6939     0.747    0.6334    0.1463    0.0214   0.02089         0
   108/499     6.15G   0.02197   0.02202         0   0.04399       706       512    0.7837    0.8113    0.7665    0.1649   0.02287   0.02072         0
   109/499     6.15G   0.02386   0.01994         0   0.04381       725       512    0.8147    0.8706    0.8345     0.244   0.02006   0.02054         0
   110/499     6.15G   0.02144   0.02099         0   0.04244       620       512    0.7364    0.7793    0.6793    0.1479   0.02227   0.02076         0
   111/499     6.15G    0.0247   0.02528         0   0.04999       689       512    0.8929    0.9247    0.9078    0.3208   0.01782    0.0206         0
   112/499     6.15G   0.02256    0.0239         0   0.04646       573       512    0.7936     0.832    0.7855    0.2027   0.02176   0.02014         0
   113/499     6.15G   0.02576    0.0216         0   0.04736       754       512    0.7117    0.7363    0.6189    0.1389   0.02198   0.02036         0
   114/499     6.15G   0.02637   0.01983         0    0.0462       768       512    0.8533    0.9139    0.8797    0.3106   0.01804   0.02049         0
   115/499     6.15G    0.0265   0.02205         0   0.04855       761       512    0.8463    0.9214    0.9036    0.3518   0.01731   0.02058         0
   116/499     6.15G   0.02411    0.0236         0   0.04772       810       512    0.8663    0.9214    0.8895    0.2353   0.01974   0.02053         0
   117/499     6.15G   0.02381   0.02278         0   0.04659       722       512    0.7393     0.806    0.7175    0.1577   0.02218   0.02072         0
   118/499     6.15G   0.02885   0.02203         0   0.05088       759       512    0.8908    0.9306    0.9176    0.3303   0.01774   0.02074         0
   119/499     6.15G   0.02879   0.01798         0   0.04677       795       512    0.2278    0.4467    0.1224   0.02062   0.03108    0.0206         0
   120/499     6.15G   0.03298   0.02076         0   0.05374       815       512    0.6925    0.6835    0.7436    0.1741   0.02407   0.02174         0
   121/499     6.15G   0.02539   0.02258         0   0.04797       681       512    0.4143    0.5414    0.2816   0.04687   0.02575   0.02087         0
   122/499     6.15G   0.02487   0.02147         0   0.04633       536       512    0.5022    0.6006    0.3926   0.06845   0.02506   0.02109         0
   123/499     6.15G   0.02864   0.01977         0   0.04842       788       512    0.8076    0.7955     0.765    0.1737   0.02209    0.0201         0
   124/499     6.15G   0.03092   0.01907         0   0.04999       750       512      0.87    0.8934       0.9    0.2244   0.02307   0.02109         0
   125/499     6.15G   0.02596   0.02312         0   0.04909       563       512    0.8141    0.8817    0.8587    0.2957   0.01787   0.02205         0
   126/499     6.15G    0.0231   0.02093         0   0.04403       711       512    0.8327    0.8881    0.8497    0.2781   0.01913   0.02051         0
   127/499     6.15G   0.03034   0.01909         0   0.04943       484       512    0.3119    0.5737    0.2281   0.04313    0.0283   0.02066         0
   128/499     6.15G   0.02916   0.02179         0   0.05094       527       512    0.7904    0.7711    0.8001    0.2035   0.02353   0.02002         0
   129/499     6.15G    0.0269   0.02418         0   0.05108       820       512    0.8141    0.8633    0.8201    0.2276   0.01989   0.02075         0
   130/499     6.15G    0.0235   0.02225         0   0.04576       488       512    0.4556    0.5359    0.3278    0.0502   0.02642   0.02305         0
   131/499     6.15G    0.0282   0.02219         0   0.05039       645       512    0.7849    0.8762    0.7998    0.2291   0.02059   0.02148         0
   132/499     6.15G   0.02726    0.0212         0   0.04846       749       512    0.7266    0.8138     0.751    0.2032   0.02222   0.02207         0
   133/499     6.15G   0.02391   0.02293         0   0.04684       687       512    0.7938    0.8328    0.7772    0.2254   0.02008   0.02055         0
   134/499     6.15G   0.02391   0.02175         0   0.04567       740       512    0.8713    0.8967    0.8714    0.2762   0.01854   0.02005         0
   135/499     6.15G   0.02548   0.02096         0   0.04643       549       512    0.6496    0.6726    0.5489    0.1008   0.02464   0.02125         0
   136/499     6.15G   0.02875   0.02159         0   0.05034      1091       512    0.8633    0.8913    0.9164     0.289   0.02014   0.02013         0
   137/499     6.15G   0.02458   0.02147         0   0.04605       660       512    0.8877    0.9103    0.9045    0.3132   0.01856   0.02005         0
   138/499     6.15G   0.02082   0.02208         0    0.0429       918       512    0.8402    0.8997    0.8665    0.2791    0.0191   0.02035         0
   139/499     6.15G   0.02562   0.01965         0   0.04527       671       512    0.5541    0.6545    0.4526   0.08083   0.02502   0.02197         0
   140/499     6.15G   0.02908     0.022         0   0.05108       519       512    0.7863    0.8439    0.7597    0.1822   0.02101   0.02086         0
   141/499     6.15G   0.02181   0.02259         0    0.0444       640       512    0.7878    0.8515    0.7544    0.1995   0.02033    0.0207         0
   142/499     6.15G   0.02252   0.02281         0   0.04533       641       512    0.6262    0.6619    0.4442   0.06948   0.02437   0.02216         0
   143/499     6.15G   0.02384   0.02079         0   0.04463       907       512     0.901    0.9505    0.9288    0.3543   0.01667   0.01979         0
   144/499     6.15G    0.0243   0.02147         0   0.04577       734       512    0.9068     0.932     0.921    0.2881    0.0188   0.02028         0
   145/499     6.15G   0.02163   0.02057         0    0.0422       730       512    0.8085    0.8135    0.7647    0.1471   0.02237   0.02059         0
   146/499     6.15G   0.01965   0.01952         0   0.03917       553       512    0.8061     0.846    0.7538    0.2022    0.0196   0.02058         0
   147/499     6.15G   0.02349    0.0193         0    0.0428       748       512    0.8209    0.8558    0.8018    0.2436   0.01983   0.01979         0
   148/499     6.15G   0.02592   0.01981         0   0.04573       682       512    0.6614    0.6814    0.5265    0.1116   0.02359   0.02078         0
   149/499     6.15G   0.02609   0.02251         0    0.0486       461       512     0.831    0.9213    0.9055    0.3515   0.01807   0.01989         0
   150/499     6.15G   0.01977   0.02005         0   0.03983       438       512    0.9007    0.9472    0.9351    0.3635   0.01672   0.01969         0
   151/499     6.15G   0.02044   0.02083         0   0.04126       440       512    0.8055    0.8525    0.7792    0.2149   0.02058   0.02047         0
   152/499     6.15G   0.02247   0.02151         0   0.04398      1019       512     0.891    0.9516    0.9196    0.3393   0.01716   0.01975         0
   153/499     6.15G   0.01995    0.0189         0   0.03885       639       512    0.8712    0.9031    0.8627    0.2686   0.01863   0.02019         0
   154/499     6.15G   0.02023   0.02169         0   0.04192       638       512    0.6245    0.6609    0.5044   0.09546   0.02432   0.02209         0
   155/499     6.15G   0.02324   0.02142         0   0.04466       710       512     0.928    0.9569    0.9592    0.4144   0.01574   0.01902         0
   156/499     6.15G   0.02308   0.02154         0   0.04461       733       512    0.8585    0.8827    0.8463    0.2507   0.01944   0.02024         0
   157/499     6.15G   0.02016   0.01971         0   0.03987       555       512     0.931    0.9439    0.9528    0.4013   0.01525   0.01918         0
   158/499     6.15G   0.01926   0.01928         0   0.03854       665       512    0.9319     0.958    0.9621    0.3616   0.01671   0.01944         0
   159/499     6.15G   0.02172   0.01954         0   0.04126       585       512    0.8469    0.8816    0.8365    0.2354   0.01966   0.02044         0
   160/499     6.15G   0.02248   0.02101         0    0.0435       631       512    0.9246    0.9505    0.9573    0.4018   0.01558   0.01902         0
   161/499     6.15G   0.02216   0.02084         0     0.043       579       512    0.8718     0.915    0.8726    0.2624    0.0191   0.02046         0
   162/499     6.15G   0.01987   0.01986         0   0.03973       673       512     0.886     0.929    0.9012    0.2799   0.01857   0.02008         0
   163/499     6.15G    0.0198   0.01951         0    0.0393       697       512    0.9017    0.9333    0.9243    0.3465   0.01645   0.01941         0
   164/499     6.15G   0.02194   0.02278         0   0.04472       727       512    0.8466    0.8912    0.8498    0.2494   0.01913   0.02028         0
   165/499     6.15G   0.02057   0.01986         0   0.04042       650       512    0.9137     0.902    0.9141    0.3089   0.01784   0.01985         0
   166/499     6.15G   0.01902   0.02045         0   0.03947       663       512    0.8842    0.8967    0.8757    0.2723   0.01878   0.02001         0
   167/499     6.15G   0.02114   0.01904         0   0.04019       909       512    0.9335    0.9376    0.9482    0.3849   0.01603   0.01912         0
   168/499     6.15G   0.02247   0.02226         0   0.04473       995       512    0.6753    0.6943    0.5687    0.1225   0.02315   0.02173         0
   169/499     6.15G   0.02183   0.01908         0   0.04092       590       512    0.9306    0.9386    0.9501    0.4182    0.0154   0.01935         0
   170/499     6.15G   0.01921   0.02028         0   0.03949       581       512    0.9115    0.9451    0.9406    0.3859   0.01616   0.01937         0
   171/499     6.15G   0.01838   0.01842         0    0.0368       603       512    0.8485    0.8708    0.8249    0.2321    0.0196   0.02077         0
   172/499     6.15G   0.02235   0.02097         0   0.04332       740       512    0.9227    0.9502    0.9537    0.4215   0.01509   0.01874         0
   173/499     6.15G   0.02204   0.02013         0   0.04217       607       512     0.809    0.8299    0.7474    0.1817   0.02102   0.02096         0
   174/499     6.15G   0.02069   0.02326         0   0.04395       793       512    0.8616    0.8912    0.8566    0.2655   0.01871   0.02009         0
   175/499     6.15G   0.01993   0.01881         0   0.03874       846       512    0.9398    0.9418    0.9631    0.4555   0.01449   0.01899         0
   176/499     6.15G   0.02006   0.02178         0   0.04184       492       512    0.8504    0.8869    0.8404    0.2383   0.01929   0.02063         0
   177/499     6.15G   0.01833   0.02051         0   0.03884      1161       512    0.9009    0.9311    0.9214    0.3225   0.01723   0.02001         0
   178/499     6.15G   0.01749   0.01909         0   0.03658       712       512    0.8572    0.8676    0.8251    0.2366   0.01947   0.02085         0
   179/499     6.15G   0.02094   0.02155         0   0.04249       698       512    0.9138    0.9353    0.9347    0.3703   0.01603   0.01923         0
   180/499     6.15G   0.02363   0.02379         0   0.04742       521       512    0.9079    0.9343    0.9233    0.3234   0.01773   0.02043         0
   181/499     6.15G   0.01911   0.02036         0   0.03947       688       512    0.9189    0.9526    0.9527    0.3924   0.01571   0.01941         0
   182/499     6.15G   0.01691   0.01878         0   0.03569       791       512    0.9032    0.9342    0.9169    0.3385   0.01664   0.01977         0
   183/499     6.15G   0.01813   0.01934         0   0.03747       710       512    0.9281    0.9589    0.9588     0.429    0.0147   0.01896         0
   184/499     6.15G   0.01829   0.02102         0   0.03932       605       512    0.8233    0.8579    0.7835    0.2065   0.01991   0.02119         0
   185/499     6.15G   0.01855   0.02147         0   0.04002      1270       512    0.9232    0.9319    0.9389    0.3558   0.01617   0.01952         0
   186/499     6.15G    0.0204   0.01966         0   0.04007       597       512    0.8886    0.9277    0.9025    0.3013   0.01762   0.02009         0
   187/499     6.15G   0.02167   0.02238         0   0.04406       778       512    0.8999    0.9386    0.9155    0.2644   0.01927    0.0203         0
   188/499     6.15G   0.01859   0.02106         0   0.03964       855       512    0.9128    0.9408    0.9314    0.3244   0.01758    0.0198         0
   189/499     6.15G    0.0179   0.01854         0   0.03644       702       512    0.8877    0.9279    0.9003    0.2603   0.01905   0.02032         0
   190/499     6.15G   0.01769   0.02116         0   0.03885       712       512    0.8937     0.916    0.8869    0.2614   0.01842   0.02045         0
   191/499     6.15G   0.01842   0.01852         0   0.03694       556       512    0.9483     0.948    0.9667    0.3831   0.01631   0.01935         0
   192/499     6.15G   0.02104   0.02129         0   0.04233       728       512    0.7623    0.7976    0.6897    0.1559   0.02168   0.02179         0
   193/499     6.15G   0.02137   0.02204         0   0.04341       742       512    0.9278    0.9548    0.9618    0.4469    0.0146   0.01874         0
   194/499     6.15G   0.02052    0.0186         0   0.03911       503       512    0.9199    0.9279    0.9325    0.3253   0.01719   0.01978         0
   195/499     6.15G   0.01782   0.02037         0   0.03819       722       512    0.9256    0.9374    0.9471    0.3937   0.01497   0.01903         0
   196/499     6.15G   0.01837   0.02043         0    0.0388       611       512    0.8769    0.9128    0.8817    0.2547   0.01904   0.02115         0
   197/499     6.15G   0.01844    0.0201         0   0.03854       674       512    0.9246    0.9505    0.9593    0.4157   0.01509   0.01917         0
   198/499     6.15G   0.01753   0.02045         0   0.03799       612       512    0.9197    0.9623    0.9596     0.427   0.01505   0.01919         0
   199/499     6.15G   0.01722    0.0196         0   0.03682       790       512      0.87    0.8934    0.8663    0.2717   0.01826   0.02045         0
   200/499     6.15G   0.01937    0.0214         0   0.04077       736       512    0.9268    0.9548    0.9602    0.4425   0.01477   0.01895         0
   201/499     6.15G   0.01777   0.01816         0   0.03593       697       512     0.878    0.9063    0.8842    0.2754   0.01791   0.02074         0
   202/499     6.15G   0.01759   0.02139         0   0.03897       726       512    0.8883    0.9073    0.8875     0.277   0.01809    0.0208         0
   203/499     6.15G   0.01819   0.01825         0   0.03645       548       512    0.9301    0.9462    0.9624    0.4044   0.01535   0.01935         0
   204/499     6.15G   0.01874   0.01797         0   0.03671       859       512    0.8375    0.8545    0.8006    0.2151   0.01969   0.02136         0
   205/499     6.15G   0.01826   0.01958         0   0.03784       987       512    0.9332    0.9471    0.9624    0.4227   0.01483   0.01921         0
   206/499     6.15G   0.01785   0.02147         0   0.03932       697       512    0.9272    0.9601    0.9693    0.4444   0.01479   0.01883         0
   207/499     6.15G    0.0199   0.01973         0   0.03963       681       512    0.8717    0.9139    0.8841    0.2554   0.01873   0.02095         0
   208/499     6.15G   0.02144   0.02383         0   0.04527       980       512    0.9255    0.9623    0.9685    0.4549   0.01457   0.01859         0
   209/499     6.15G   0.01934   0.01959         0   0.03893       669       512    0.8749    0.9117    0.8808    0.2845   0.01818   0.02033         0
   210/499     6.15G   0.01862   0.02209         0   0.04071       790       512    0.9077    0.9318     0.925    0.3389   0.01656   0.01967         0
   211/499     6.15G   0.01773   0.01946         0   0.03719       648       512    0.9202     0.944     0.949    0.3946   0.01542   0.01911         0
   212/499     6.15G   0.01782   0.01859         0   0.03641       658       512    0.8392    0.8761    0.8186    0.2218   0.01937   0.02114         0
   213/499     6.15G   0.01791   0.01926         0   0.03717       568       512     0.914    0.9385    0.9373    0.3689   0.01581   0.01946         0
   214/499     6.15G   0.01612   0.01726         0   0.03338       594       512     0.912    0.9376    0.9353    0.3655   0.01615   0.01967         0
   215/499     6.15G     0.018   0.02167         0   0.03967       769       512    0.9043    0.9354    0.9267    0.3367   0.01641   0.01993         0
   216/499     6.15G   0.01818   0.02038         0   0.03856       767       512    0.8875    0.9042    0.8865    0.2925   0.01777   0.02077         0
   217/499     6.15G    0.0181   0.02218         0   0.04029       910       512    0.9187    0.9364    0.9394    0.3749   0.01585   0.01957         0
   218/499     6.15G   0.01646   0.01714         0    0.0336       695       512    0.9125    0.9333     0.932    0.3543   0.01613   0.01971         0
   219/499     6.15G    0.0169   0.01742         0   0.03431       740       512    0.9319    0.9429    0.9556    0.4021   0.01544   0.01933         0
   220/499     6.15G   0.01626   0.01846         0   0.03472       630       512    0.9111    0.9375    0.9365    0.3578   0.01615   0.01982         0
   221/499     6.15G   0.01682   0.01956         0   0.03638       980       512    0.9323    0.9342    0.9507    0.3773    0.0159   0.01967         0
   222/499     6.15G   0.01779   0.01945         0   0.03724       752       512    0.9244    0.9257    0.9299    0.3535   0.01625   0.01992         0
   223/499     6.15G   0.01753   0.01791         0   0.03544       726       512    0.9231     0.944    0.9505    0.3813   0.01557   0.01951         0
   224/499     6.15G   0.01676   0.01688         0   0.03365       884       512    0.9256    0.9376    0.9385    0.3302   0.01713   0.02017         0
   225/499     6.15G   0.01867   0.02195         0   0.04062       913       512    0.9248    0.9526    0.9566    0.3795   0.01552    0.0194         0
   226/499     6.15G   0.01751   0.01993         0   0.03744       671       512    0.9245    0.9505    0.9526    0.3923   0.01543   0.01944         0
   227/499     6.15G   0.01621   0.01897         0   0.03518       491       512    0.9063    0.9376    0.9299    0.3272   0.01683   0.02021         0
   228/499     6.15G   0.01725   0.01988         0   0.03713       587       512    0.9201    0.9547    0.9497    0.4061   0.01516   0.01939         0
   229/499     6.15G   0.01641    0.0184         0   0.03482       524       512    0.9264    0.9479    0.9517    0.3766   0.01586   0.01965         0
   230/499     6.15G   0.01706   0.01831         0   0.03537       721       512     0.925    0.9429    0.9469    0.3495   0.01646   0.02004         0
   231/499     6.15G   0.01654   0.02327         0   0.03981       970       512    0.9269    0.9429     0.943    0.3905   0.01533   0.01936         0
   232/499     6.15G   0.01605   0.02017         0   0.03622       522       512    0.9135    0.9212    0.9154    0.3178    0.0173   0.02036         0
   233/499     6.15G   0.01682   0.02189         0   0.03871       635       512    0.9252     0.945     0.944    0.4075   0.01512   0.01925         0
   234/499     6.15G   0.01698   0.01652         0    0.0335       711       512    0.9183    0.9438    0.9365    0.3808   0.01561   0.01949         0
   235/499     6.15G   0.01717   0.01793         0    0.0351       859       512    0.9296    0.9386    0.9421    0.3692   0.01624   0.01976         0
   236/499     6.15G   0.01846   0.01872         0   0.03718       494       512    0.9198    0.9135    0.9217    0.3401   0.01698   0.01991         0
   237/499     6.15G   0.01779   0.01926         0   0.03705       659       512    0.9279    0.9424    0.9433    0.3759   0.01592   0.01955         0
   238/499     6.15G   0.01738   0.01836         0   0.03574       808       512    0.9149    0.9279    0.9217    0.3369   0.01664   0.01987         0
   239/499     6.15G   0.01784   0.01992         0   0.03776       950       512    0.9373    0.9343    0.9518    0.3909   0.01568   0.01935         0
   240/499     6.15G   0.01889   0.02065         0   0.03955       791       512    0.9182    0.9419     0.933    0.3447   0.01665   0.02001         0
   241/499     6.15G   0.01631   0.01836         0   0.03467       536       512    0.9214    0.9461    0.9397    0.3615   0.01629   0.01983         0
   242/499     6.15G   0.01636   0.01865         0   0.03501       543       512    0.9271    0.9322    0.9292    0.3438   0.01633   0.01998         0
   243/499     6.15G   0.01647   0.01739         0   0.03386       516       512    0.9442     0.947    0.9613    0.4238   0.01477   0.01917         0
   244/499     6.15G   0.01614   0.01939         0   0.03553       718       512    0.9061     0.915    0.9046    0.2945   0.01769   0.02068         0
   245/499     6.15G   0.01718   0.02038         0   0.03756       578       512    0.9283    0.9494    0.9535    0.3891   0.01541   0.01944         0
   246/499     6.15G   0.01601    0.0209         0   0.03691       547       512    0.9253    0.9473    0.9504    0.3753    0.0159   0.01964         0
   247/499     6.15G   0.01582   0.01744         0   0.03327       653       512    0.9181    0.9419    0.9371    0.3573   0.01618   0.01986         0
   248/499     6.15G   0.01661   0.02088         0   0.03749       637       512    0.9325    0.9515    0.9576    0.4021   0.01533   0.01932         0
   249/499     6.15G   0.01642   0.02003         0   0.03645       821       512    0.9202     0.944    0.9398     0.356   0.01626   0.02002         0
   250/499     6.15G    0.0165   0.01896         0   0.03546       612       512    0.9074     0.929    0.9184    0.3067    0.0172    0.0204         0
   251/499     6.15G   0.01749   0.01831         0    0.0358       419       512    0.9415    0.9526    0.9707    0.4277   0.01452   0.01892         0
   252/499     6.15G   0.01869   0.01976         0   0.03844      1091       512    0.9062     0.905    0.8974    0.2837   0.01792   0.02069         0
   253/499     6.15G    0.0183   0.01966         0   0.03796       669       512    0.9392    0.9494    0.9685    0.4245   0.01477   0.01909         0
   254/499     6.15G   0.01692   0.02109         0   0.03801       647       512    0.9175    0.9494    0.9429    0.3927   0.01542   0.01942         0
   255/499     6.15G   0.01576     0.022         0   0.03776       846       512     0.918    0.9514    0.9485    0.3755   0.01595    0.0197         0
   256/499     6.15G   0.01519   0.01917         0   0.03436       565       512    0.9364    0.9354    0.9499    0.3863   0.01559   0.01959         0
   257/499     6.15G   0.01618   0.02033         0   0.03651      1042       512    0.9378    0.9408    0.9501    0.3675   0.01605   0.01995         0
   258/499     6.15G   0.01635   0.01734         0   0.03369       644       512    0.9335    0.9364    0.9417    0.3808   0.01563   0.01963         0
   259/499     6.15G   0.01574   0.01801         0   0.03376       740       512     0.943    0.9451    0.9577     0.378   0.01593   0.01969         0
   260/499     6.15G   0.01681   0.01968         0   0.03649       765       512    0.9405    0.9351    0.9475    0.3593   0.01609   0.02002         0
   261/499     6.15G   0.01641    0.0193         0   0.03571       827       512    0.9454    0.9343     0.952    0.3756   0.01567   0.01977         0
   262/499     6.15G   0.01585   0.01694         0   0.03279       834       512    0.9432    0.9343    0.9503    0.3693   0.01559   0.01981         0
   263/499     6.15G   0.01579   0.01884         0   0.03463       824       512    0.9427    0.9385    0.9526     0.405   0.01491   0.01942         0
   264/499     6.15G    0.0148   0.01768         0   0.03247       737       512    0.9243    0.9333    0.9334    0.3563    0.0161   0.02014         0
   265/499     6.15G   0.01643   0.02074         0   0.03717       562       512    0.9401    0.9494    0.9603    0.3967   0.01521   0.01961         0
   266/499     6.15G   0.01509    0.0173         0   0.03239       638       512    0.9253    0.9472     0.947    0.3631   0.01589   0.02002         0
   267/499     6.15G   0.01628   0.01875         0   0.03502       942       512    0.9282    0.9505    0.9506    0.3946   0.01521   0.01955         0
   268/499     6.15G   0.01566    0.0183         0   0.03396       684       512    0.9059    0.9333    0.9209    0.3213   0.01677    0.0204         0
   269/499     6.15G   0.01658   0.01836         0   0.03493       553       512    0.9258    0.9537    0.9543     0.414   0.01491   0.01928         0
   270/499     6.15G   0.01634   0.01863         0   0.03497       623       512    0.9281     0.945    0.9478      0.39   0.01543   0.01963         0
   271/499     6.15G   0.01486   0.01801         0   0.03287       700       512    0.9315    0.9515     0.955    0.3922   0.01525   0.01956         0
   272/499     6.15G    0.0166   0.01925         0   0.03585       723       512    0.8896    0.9107    0.8807    0.2686    0.0186   0.02096         0
   273/499     6.15G   0.01678   0.01902         0    0.0358       570       512    0.9284    0.9493    0.9481    0.3838   0.01536   0.01961         0
   274/499     6.15G   0.01553     0.015         0   0.03052       743       512    0.9184    0.9343    0.9286    0.3337   0.01637   0.02017         0
   275/499     6.15G   0.01597   0.01891         0   0.03488       439       512    0.9303    0.9494    0.9548       0.4   0.01499   0.01936         0
   276/499     6.15G    0.0166   0.01834         0   0.03493       499       512    0.9213    0.9203    0.9202    0.3081    0.0171   0.02072         0
   277/499     6.15G   0.01654   0.01624         0   0.03278       811       512    0.9305    0.9515    0.9534     0.408   0.01482   0.01936         0
   278/499     6.15G   0.01676   0.01971         0   0.03648       701       512    0.9217    0.9502    0.9522    0.4041   0.01506   0.01943         0
   279/499     6.15G   0.01525   0.01562         0   0.03087       537       512    0.9104    0.9408    0.9329    0.3412   0.01627   0.02014         0
   280/499     6.15G   0.01564   0.01626         0    0.0319       597       512    0.9236    0.9504    0.9528    0.4225   0.01454   0.01905         0
   281/499     6.15G   0.01579    0.0184         0   0.03419       825       512    0.9173     0.944    0.9389    0.3504   0.01619   0.02003         0
   282/499     6.15G   0.01538   0.02001         0   0.03539       722       512    0.9185    0.9462    0.9424    0.3537   0.01614   0.02009         0
   283/499     6.15G   0.01617   0.01838         0   0.03455       587       512    0.9308    0.9558    0.9638    0.4323   0.01438   0.01911         0
   284/499     6.15G   0.01659   0.01912         0    0.0357       759       512    0.9128    0.9244    0.9216    0.3206   0.01684   0.02059         0
   285/499     6.15G   0.01685   0.01845         0    0.0353       592       512    0.9333    0.9492     0.959    0.4079   0.01495   0.01949         0
   286/499     6.15G   0.01663      0.02         0   0.03663      1041       512    0.9264    0.9494    0.9557    0.4098   0.01496   0.01959         0
   287/499     6.15G   0.01659   0.01655         0   0.03314       727       512    0.9038      0.93    0.9214    0.3093   0.01712   0.02085         0
   288/499     6.15G   0.01686    0.0195         0   0.03636       538       512    0.9294    0.9494    0.9541    0.3996   0.01493   0.01942         0
   289/499     6.15G   0.01618   0.01871         0   0.03489       568       512    0.9001    0.9213    0.9081    0.3022   0.01717   0.02059         0
   290/499     6.15G   0.01522    0.0192         0   0.03442       596       512    0.9314    0.9504    0.9554    0.3862   0.01536   0.01961         0
   291/499     6.15G   0.01547   0.01728         0   0.03275       633       512    0.9278    0.9406    0.9435    0.3665   0.01584   0.01982         0
   292/499     6.15G   0.01539   0.02083         0   0.03621       713       512    0.9366    0.9386    0.9532    0.3838   0.01537   0.01958         0
   293/499     6.15G   0.01517   0.01677         0   0.03193       404       512    0.9391    0.9505    0.9601    0.3844   0.01545   0.01964         0
   294/499     6.15G   0.01473   0.01792         0   0.03265       655       512    0.9445    0.9526    0.9656    0.3915   0.01535   0.01979         0
   295/499     6.15G   0.01562   0.01981         0   0.03543       625       512    0.9264    0.9343    0.9404    0.3435   0.01627   0.02038         0
   296/499     6.15G   0.01633   0.01661         0   0.03294       589       512    0.9423    0.9492    0.9596    0.4011   0.01509   0.01969         0
   297/499     6.15G   0.01536    0.0179         0   0.03326       560       512    0.9353    0.9333    0.9413    0.3732   0.01564    0.0199         0
   298/499     6.15G   0.01543   0.01914         0   0.03457       820       512    0.9398    0.9429    0.9494    0.3726   0.01571   0.01996         0
   299/499     6.15G    0.0154   0.01965         0   0.03505       922       512    0.9443    0.9481    0.9606    0.3993   0.01511   0.01956         0
   300/499     6.15G   0.01555   0.01848         0   0.03403       637       512     0.934    0.9333    0.9389    0.3406   0.01645    0.0204         0
   301/499     6.15G   0.01541   0.01905         0   0.03446       605       512    0.9462    0.9472    0.9606    0.4216   0.01465   0.01931         0
   302/499     6.15G   0.01571   0.01855         0   0.03426       736       512    0.9403    0.9331    0.9498    0.3715   0.01562   0.02013         0
   303/499     6.15G   0.01539   0.01926         0   0.03465       645       512    0.9325    0.9516    0.9578    0.4018   0.01503    0.0198         0
   304/499     6.15G    0.0154   0.01977         0   0.03516       855       512    0.9282    0.9462    0.9523    0.3677   0.01577   0.02028         0
   305/499     6.15G   0.01595   0.01977         0   0.03572       567       512    0.9317    0.9408    0.9532    0.3819   0.01538   0.01994         0
   306/499     6.15G   0.01584   0.01948         0   0.03532       729       512    0.9299     0.929    0.9326    0.3545    0.0159   0.02026         0
   307/499     6.15G   0.01616    0.0193         0   0.03546       974       512     0.938    0.9451    0.9599     0.417   0.01461   0.01944         0
   308/499     6.15G   0.01581   0.02022         0   0.03604       775       512    0.9209     0.929    0.9244    0.3236   0.01671   0.02066         0
   309/499     6.15G   0.01601   0.02028         0   0.03629       680       512    0.9335    0.9537    0.9626    0.4168   0.01462   0.01941         0
   310/499     6.15G    0.0156   0.01907         0   0.03467       650       512    0.9226    0.9386    0.9396    0.3646   0.01577   0.02008         0
   311/499     6.15G   0.01547    0.0193         0   0.03477       692       512      0.93    0.9451    0.9533    0.3818   0.01539   0.01974         0
   312/499     6.15G   0.01488   0.01874         0   0.03362       429       512    0.9302    0.9472    0.9532    0.3674    0.0159   0.02008         0
   313/499     6.15G   0.01553   0.01936         0    0.0349      1169       512    0.9264    0.9494    0.9524    0.3688   0.01566   0.01999         0
   314/499     6.15G   0.01492   0.01744         0   0.03236       506       512    0.9179    0.9419    0.9355    0.3581   0.01583   0.02023         0
   315/499     6.15G   0.01498   0.01757         0   0.03255       556       512    0.9215    0.9483    0.9502     0.385    0.0153   0.01987         0
   316/499     6.15G   0.01533   0.01781         0   0.03314       630       512    0.9109    0.9376    0.9335    0.3486    0.0162    0.0203         0
   317/499     6.15G   0.01495   0.01612         0   0.03106       489       512    0.9273    0.9483    0.9552    0.4017   0.01505   0.01946         0
   318/499     6.15G   0.01463   0.01679         0   0.03142       818       512    0.9205    0.9472    0.9515    0.3707   0.01567   0.01981         0
   319/499     6.15G    0.0143   0.01603         0   0.03032       629       512    0.9169    0.9505    0.9514    0.3903   0.01538   0.01966         0
   320/499     6.15G   0.01531   0.01761         0   0.03292       571       512    0.9158    0.9483    0.9514    0.3623   0.01586    0.0199         0
   321/499     6.15G   0.01555   0.01929         0   0.03484       855       512     0.924    0.9548    0.9616      0.39   0.01529   0.01967         0
   322/499     6.15G   0.01542   0.01859         0   0.03401       800       512    0.9183     0.944    0.9412    0.3668   0.01576   0.02015         0
   323/499     6.15G   0.01521   0.01815         0   0.03336       677       512    0.9254    0.9505    0.9556    0.3934   0.01511    0.0197         0
   324/499     6.15G   0.01566   0.01982         0   0.03548      1066       512    0.9167    0.9482    0.9423    0.3581   0.01596   0.02021         0
   325/499     6.15G   0.01476   0.01709         0   0.03185       626       512    0.9384    0.9343    0.9542     0.401     0.015    0.0196         0
   326/499     6.15G   0.01551   0.01929         0   0.03481       512       512    0.9353    0.9342    0.9539    0.3729    0.0156   0.01999         0
   327/499     6.15G   0.01517   0.01967         0   0.03484       799       512    0.9333    0.9341    0.9519    0.3852    0.0155    0.0199         0
   328/499     6.15G   0.01453   0.01669         0   0.03123       927       512    0.9311     0.931     0.947    0.3687   0.01579   0.02017         0
   329/499     6.15G   0.01488   0.01911         0   0.03399       579       512    0.9334    0.9365    0.9548    0.3876   0.01525   0.01993         0
   330/499     6.15G   0.01588   0.01765         0   0.03353       912       512    0.9405    0.9363    0.9578    0.3984   0.01503   0.01973         0
   331/499     6.15G   0.01497   0.01869         0   0.03366       717       512    0.9473    0.9296    0.9583    0.3789    0.0155   0.01998         0
   332/499     6.15G   0.01539   0.01793         0   0.03332       703       512    0.9446    0.9363    0.9622    0.3897   0.01518   0.01969         0
   333/499     6.15G   0.01567   0.01698         0   0.03265       664       512     0.936     0.929    0.9401     0.351   0.01601   0.02024         0
   334/499     6.15G   0.01443   0.01791         0   0.03234       526       512    0.9394    0.9354    0.9512    0.3749   0.01554   0.01996         0
   335/499     6.15G   0.01558   0.01907         0   0.03466       588       512    0.9369      0.93    0.9468      0.37   0.01563      0.02         0
   336/499     6.15G   0.01517   0.02006         0   0.03522       823       512    0.9375    0.9386    0.9544    0.3878   0.01536   0.01994         0
   337/499     6.15G   0.01442   0.01804         0   0.03246       994       512    0.9388    0.9418    0.9613    0.3747   0.01554   0.02013         0
   338/499     6.15G   0.01548   0.01823         0   0.03371       664       512    0.9319    0.9429     0.956    0.3831   0.01546   0.02001         0
   339/499     6.15G   0.01591   0.01904         0   0.03495       818       512    0.9145    0.9558    0.9549    0.3922   0.01525   0.01983         0
   340/499     6.15G   0.01427   0.01503         0    0.0293       786       512    0.9282    0.9322    0.9439    0.3657   0.01583   0.02008         0
   341/499     6.15G   0.01441   0.01732         0   0.03173       880       512    0.9238    0.9537    0.9601    0.3995   0.01527   0.01985         0
   342/499     6.15G   0.01444   0.01748         0   0.03192       798       512    0.9195    0.9473    0.9449    0.3723   0.01586   0.02037         0
   343/499     6.15G   0.01492   0.01704         0   0.03196       562       512    0.9248    0.9525    0.9532    0.3925   0.01539    0.0201         0
   344/499     6.15G   0.01522   0.01859         0    0.0338       842       512    0.9176    0.9473    0.9444    0.3644   0.01596   0.02054         0
   345/499     6.15G   0.01517   0.01864         0   0.03382       680       512    0.9224    0.9473    0.9515    0.3916   0.01534   0.02017         0
   346/499     6.15G   0.01481   0.01858         0   0.03339       598       512    0.9235    0.9483    0.9454    0.3678   0.01581   0.02055         0
   347/499     6.15G    0.0156   0.01894         0   0.03454       671       512    0.9246    0.9505    0.9545    0.4065     0.015   0.01994         0
   348/499     6.15G   0.01456   0.01605         0   0.03061       843       512    0.9221    0.9429    0.9448    0.3654   0.01584   0.02039         0
   349/499     6.15G   0.01439    0.0173         0    0.0317       863       512    0.9216    0.9493    0.9475    0.3901   0.01524   0.01992         0
   350/499     6.15G   0.01514   0.01618         0   0.03131       542       512    0.9178    0.9494    0.9457    0.3845   0.01543   0.02008         0
   351/499     6.15G   0.01567   0.01913         0    0.0348       591       512    0.9157    0.9473    0.9387    0.3765   0.01556   0.02019         0
   352/499     6.15G   0.01477   0.01813         0    0.0329       676       512      0.92    0.9526     0.954    0.3903   0.01529   0.02009         0
   353/499     6.15G   0.01515   0.01849         0   0.03364       655       512    0.9239    0.9536    0.9547    0.3833    0.0154   0.02007         0
   354/499     6.15G   0.01498   0.01781         0   0.03279      1064       512    0.9223    0.9483    0.9491    0.3757   0.01559   0.02006         0
   355/499     6.15G   0.01581   0.02084         0   0.03666       882       512    0.9261    0.9445    0.9478    0.3826   0.01547   0.02001         0
   356/499     6.15G   0.01472   0.01811         0   0.03283       802       512    0.9267    0.9533     0.957    0.3922   0.01524   0.01979         0
   357/499     6.15G   0.01507   0.01979         0   0.03486       612       512    0.9146    0.9451    0.9383    0.3667   0.01574   0.02004         0
   358/499     6.15G   0.01436   0.01782         0   0.03218       721       512    0.9244    0.9472    0.9512    0.3755   0.01556   0.01997         0
   359/499     6.15G   0.01441   0.01658         0   0.03099       664       512    0.9275    0.9516    0.9577    0.3852   0.01543   0.01989         0
   360/499     6.15G   0.01516   0.02143         0   0.03659       797       512    0.9199    0.9408    0.9434    0.3708   0.01575   0.02006         0
   361/499     6.15G   0.01516   0.02029         0   0.03545       661       512    0.9196    0.9376    0.9419    0.3736    0.0158   0.02025         0
   362/499     6.15G   0.01384   0.01657         0   0.03041       564       512    0.9243    0.9354    0.9419    0.3606   0.01606   0.02057         0
   363/499     6.15G   0.01564    0.0223         0   0.03794       705       512    0.9288    0.9429    0.9501    0.3841   0.01548   0.02023         0
   364/499     6.15G   0.01568   0.01926         0   0.03494       620       512    0.9178    0.9376    0.9364    0.3464   0.01624   0.02092         0
   365/499     6.15G    0.0151   0.01637         0   0.03147       665       512    0.9257    0.9397    0.9433    0.3727   0.01565   0.02048         0
   366/499     6.15G   0.01494   0.02014         0   0.03508       638       512    0.9219    0.9407    0.9429    0.3697   0.01571   0.02041         0
   367/499     6.15G   0.01434   0.01727         0   0.03161       555       512    0.9262     0.946    0.9563    0.3886   0.01533   0.02004         0
   368/499     6.15G   0.01495   0.01819         0   0.03314       539       512    0.9097    0.9483    0.9379     0.367   0.01579   0.02023         0
   369/499     6.15G   0.01444   0.01632         0   0.03076       586       512    0.9152    0.9537    0.9533    0.3995   0.01512   0.01985         0
   370/499     6.15G   0.01437   0.01914         0   0.03351       588       512    0.9198    0.9516    0.9486    0.3782   0.01557   0.02025         0
   371/499     6.15G   0.01424   0.01635         0   0.03059       545       512    0.9171    0.9526    0.9495    0.3827    0.0154   0.02012         0
   372/499     6.15G   0.01473   0.01679         0   0.03151       679       512    0.9156    0.9462    0.9388    0.3619   0.01588   0.02047         0
   373/499     6.15G   0.01435   0.01881         0   0.03315       595       512    0.9186    0.9483     0.953    0.3906   0.01527   0.02008         0
   374/499     6.15G    0.0142   0.01765         0   0.03185       647       512    0.9312    0.9322    0.9456    0.3831   0.01549   0.02014         0
   375/499     6.15G   0.01455   0.01748         0   0.03203       705       512    0.9195    0.9461    0.9462     0.392    0.0152   0.01996         0
   376/499     6.15G   0.01453   0.01854         0   0.03307       504       512    0.9243     0.946    0.9454    0.3833   0.01546   0.02018         0
   377/499     6.15G   0.01455   0.01659         0   0.03114       928       512    0.9286    0.9514    0.9543    0.3907   0.01528   0.02011         0
   378/499     6.15G    0.0149    0.0171         0     0.032       771       512    0.9283    0.9472     0.949    0.3842   0.01542   0.02015         0
   379/499     6.15G   0.01471   0.01766         0   0.03237       712       512    0.9283    0.9494    0.9508    0.3791   0.01555   0.02023         0
   380/499     6.15G   0.01547   0.01879         0   0.03426       765       512    0.9286    0.9526     0.957    0.3897   0.01533   0.02003         0
   381/499     6.15G   0.01446     0.019         0   0.03346       898       512     0.919    0.9526    0.9465    0.3744   0.01561   0.02025         0
   382/499     6.15G   0.01465   0.01995         0   0.03459       901       512    0.9206    0.9505    0.9512    0.3745   0.01557   0.02027         0
   383/499     6.15G   0.01481   0.01554         0   0.03035       571       512    0.9125    0.9425     0.933    0.3589   0.01591   0.02053         0
   384/499     6.15G   0.01443    0.0212         0   0.03563       765       512    0.9215    0.9473    0.9521     0.383    0.0154   0.02021         0
   385/499     6.15G    0.0147   0.01513         0   0.02983       802       512    0.9174    0.9451    0.9474    0.3813   0.01548   0.02025         0
   386/499     6.15G   0.01535    0.0202         0   0.03554       659       512    0.9137    0.9462    0.9479    0.3814   0.01542   0.02015         0
   387/499     6.15G   0.01473   0.01723         0   0.03196       631       512    0.9151    0.9516      0.95    0.3776   0.01546   0.02022         0
   388/499     6.15G   0.01515   0.02022         0   0.03537       533       512    0.9141    0.9516      0.95    0.3854   0.01539   0.02015         0
   389/499     6.15G   0.01547   0.01785         0   0.03331       792       512     0.924    0.9418      0.95    0.3923    0.0153   0.02002         0
   390/499     6.15G   0.01434   0.01652         0   0.03086       425       512     0.924    0.9419    0.9496    0.3795   0.01552   0.02015         0
   391/499     6.15G   0.01429   0.01659         0   0.03088       690       512    0.9231    0.9428    0.9464     0.382   0.01555    0.0201         0
   392/499     6.15G   0.01406   0.01536         0   0.02942       655       512    0.9267    0.9397    0.9446     0.373    0.0157   0.02013         0
   393/499     6.15G   0.01497   0.01705         0   0.03203       460       512    0.9317    0.9419    0.9504    0.3824    0.0155   0.02006         0
   394/499     6.15G   0.01492   0.01961         0   0.03454       600       512     0.926    0.9427    0.9447    0.3651   0.01582   0.02029         0
   395/499     6.15G   0.01462   0.01899         0    0.0336       678       512    0.9296    0.9386    0.9426    0.3766   0.01551    0.0201         0
   396/499     6.15G   0.01395   0.01795         0    0.0319       581       512    0.9274    0.9354    0.9374    0.3693   0.01564   0.02027         0
   397/499     6.15G   0.01423   0.01881         0   0.03304       656       512    0.9296    0.9386     0.944    0.3785   0.01545    0.0202         0
   398/499     6.15G   0.01527   0.01716         0   0.03244       502       512    0.9213    0.9451    0.9442    0.3735   0.01555   0.02024         0
   399/499     6.15G   0.01484   0.01831         0   0.03315       644       512     0.922    0.9419    0.9401    0.3731   0.01551   0.02022         0
   400/499     6.15G   0.01445   0.01783         0   0.03228       742       512    0.9252    0.9462    0.9493    0.3716   0.01559   0.02031         0
   401/499     6.15G   0.01461    0.0171         0   0.03171       944       512    0.9244    0.9472    0.9512    0.3795   0.01538   0.02018         0
   402/499     6.15G   0.01513   0.01778         0   0.03291       934       512    0.9198    0.9505    0.9463    0.3832   0.01533   0.02005         0
   403/499     6.15G    0.0145   0.01584         0   0.03034       757       512    0.9223    0.9451    0.9415    0.3794   0.01539   0.02003         0
   404/499     6.15G   0.01514    0.0183         0   0.03344       927       512    0.9161    0.9516    0.9431    0.3775   0.01541   0.02002         0
   405/499     6.15G   0.01513   0.02069         0   0.03582       623       512    0.9187    0.9494    0.9472    0.3897   0.01525    0.0199         0
   406/499     6.15G    0.0148   0.01547         0   0.03027       622       512    0.9173    0.9451    0.9384    0.3798   0.01555   0.02004         0
   407/499     6.15G   0.01414    0.0179         0   0.03203       625       512    0.9226    0.9494    0.9491    0.3851   0.01535   0.02002         0
   408/499     6.15G   0.01504    0.0196         0   0.03464       816       512     0.922    0.9548    0.9547    0.3927   0.01524   0.02004         0
   409/499     6.15G   0.01456   0.01752         0   0.03208       486       512    0.9207    0.9494    0.9483    0.3748   0.01558   0.02026         0
   410/499     6.15G   0.01363    0.0178         0   0.03144       616       512    0.9194    0.9462    0.9415    0.3776   0.01549   0.02015         0
   411/499     6.15G   0.01514   0.01854         0   0.03368       900       512    0.9205    0.9473    0.9443    0.3783   0.01549   0.02014         0
   412/499     6.15G   0.01437   0.01718         0   0.03155       701       512    0.9195    0.9483    0.9446     0.382   0.01548   0.02012         0
   413/499     6.15G   0.01427   0.01745         0   0.03172       541       512    0.9159    0.9494    0.9478    0.3788   0.01553   0.02013         0
   414/499     6.15G   0.01409   0.01729         0   0.03138       985       512    0.9168    0.9483    0.9455    0.3736   0.01557    0.0202         0
   415/499     6.15G   0.01456   0.01718         0   0.03174       497       512    0.9138    0.9473    0.9413     0.384   0.01544   0.02009         0
   416/499     6.15G    0.0145   0.01869         0   0.03319       503       512    0.9148    0.9482     0.943    0.3806   0.01542    0.0202         0
   417/499     6.15G   0.01426   0.01578         0   0.03005       781       512    0.9187    0.9483    0.9493    0.3832   0.01541   0.02024         0
   418/499     6.15G   0.01481   0.01674         0   0.03155       868       512     0.916    0.9516    0.9456    0.3844   0.01532   0.02015         0
   419/499     6.15G    0.0156   0.01937         0   0.03496       907       512    0.9188    0.9505    0.9465    0.3832   0.01529   0.02013         0
   420/499     6.15G   0.01427   0.01627         0   0.03054       440       512    0.9184    0.9451    0.9422    0.3722   0.01555   0.02023         0
   421/499     6.15G   0.01423   0.01683         0   0.03106       695       512    0.9132    0.9408     0.935    0.3657   0.01571   0.02018         0
   422/499     6.15G     0.014   0.01713         0   0.03112       594       512     0.917    0.9408     0.936    0.3666    0.0158   0.02022         0
   423/499     6.15G   0.01552   0.01975         0   0.03527       481       512     0.914    0.9494    0.9392    0.3744   0.01565   0.02016         0
   424/499     6.15G   0.01483   0.01902         0   0.03385       842       512    0.9167    0.9494    0.9395    0.3661   0.01579   0.02028         0
   425/499     6.15G   0.01459    0.0178         0   0.03239       617       512    0.9129    0.9482    0.9358    0.3796   0.01537   0.02006         0
   426/499     6.15G   0.01465   0.01702         0   0.03167       764       512    0.9168    0.9494    0.9407    0.3704   0.01565   0.02023         0
   427/499     6.15G   0.01438   0.01801         0   0.03239       759       512    0.9196    0.9505    0.9432    0.3886    0.0152   0.01993         0
   428/499     6.15G   0.01433   0.01648         0   0.03081       490       512    0.9167    0.9483    0.9381    0.3743   0.01559   0.02022         0
   429/499     6.15G   0.01453   0.01507         0    0.0296       560       512    0.9245    0.9494     0.948    0.3881   0.01529   0.02004         0
   430/499     6.15G   0.01494   0.01779         0   0.03273       903       512    0.9204    0.9462    0.9405    0.3732   0.01561   0.02022         0
   431/499     6.15G   0.01481   0.01738         0   0.03219       629       512    0.9256    0.9514    0.9505    0.3931   0.01524   0.01999         0
   432/499     6.15G   0.01436   0.01787         0   0.03223       752       512    0.9224    0.9483    0.9445    0.3879   0.01532   0.02009         0
   433/499     6.15G   0.01443   0.01843         0   0.03286       634       512    0.9235    0.9483    0.9443    0.3839   0.01539   0.02011         0
   434/499     6.15G   0.01543   0.01842         0   0.03386       609       512    0.9217    0.9504    0.9462    0.3876   0.01528   0.02012         0
   435/499     6.15G   0.01487   0.01977         0   0.03464       586       512    0.9223    0.9461    0.9424    0.3828   0.01534   0.02018         0
   436/499     6.15G   0.01424   0.01791         0   0.03215       631       512    0.9175    0.9461    0.9383    0.3797    0.0154   0.02024         0
   437/499     6.15G    0.0145   0.01678         0   0.03128       858       512    0.9179    0.9397    0.9344    0.3723   0.01559   0.02039         0
   438/499     6.15G   0.01456   0.01928         0   0.03385       838       512    0.9201    0.9427    0.9397    0.3826   0.01538   0.02025         0
   439/499     6.15G   0.01463   0.01583         0   0.03046       766       512    0.9184    0.9451    0.9401     0.387   0.01531   0.02024         0
   440/499     6.15G   0.01422   0.01818         0    0.0324       504       512    0.9134     0.944     0.937    0.3826   0.01538   0.02031         0
   441/499     6.15G   0.01497   0.01765         0   0.03263       519       512    0.9232    0.9343    0.9387    0.3757   0.01558   0.02043         0
   442/499     6.15G   0.01416   0.01719         0   0.03135       546       512    0.9288    0.9322    0.9408    0.3998   0.01498   0.02006         0
   443/499     6.15G   0.01459   0.01662         0   0.03121       811       512     0.929    0.9333    0.9424    0.3852   0.01527   0.02023         0
   444/499     6.15G   0.01473   0.01836         0   0.03309       913       512    0.9258    0.9408    0.9427    0.3913   0.01512   0.02012         0
   445/499     6.15G   0.01516   0.01979         0   0.03495       550       512    0.9278    0.9407    0.9437    0.3891   0.01516   0.02006         0
   446/499     6.15G    0.0145   0.01705         0   0.03155       661       512    0.9307    0.9419     0.947    0.3885   0.01531   0.02012         0
   447/499     6.15G   0.01378   0.01661         0   0.03039       676       512    0.9278    0.9408    0.9434     0.395   0.01515   0.02001         0
   448/499     6.15G   0.01474   0.01717         0   0.03191       641       512    0.9308    0.9419    0.9457    0.3917   0.01529   0.02004         0
   449/499     6.15G   0.01465   0.01837         0   0.03303       727       512    0.9242    0.9451     0.939    0.3793   0.01553    0.0202         0
   450/499     6.15G   0.01484   0.02017         0   0.03501       699       512    0.9232    0.9451    0.9385    0.3741   0.01565   0.02042         0
   451/499     6.15G   0.01426    0.0172         0   0.03146       561       512     0.923    0.9429    0.9381    0.3786   0.01556   0.02035         0
   452/499     6.15G   0.01384   0.01621         0   0.03005       537       512    0.9249    0.9407    0.9397     0.384   0.01547   0.02025         0
   453/499     6.15G   0.01473   0.01583         0   0.03056       465       512    0.9277    0.9408    0.9436    0.3852   0.01543   0.02019         0
   454/499     6.15G   0.01484   0.01806         0    0.0329       610       512    0.9294    0.9365    0.9424    0.3726   0.01561   0.02028         0
   455/499     6.15G   0.01431   0.01678         0   0.03108       558       512    0.9308    0.9418    0.9505    0.3783   0.01548   0.02022         0
   456/499     6.15G    0.0146   0.01678         0   0.03137       801       512    0.9194    0.9462    0.9416    0.3739    0.0156   0.02031         0
   457/499     6.15G   0.01506   0.01774         0    0.0328      1020       512    0.9224    0.9473    0.9438    0.3868   0.01541   0.02017         0
   458/499     6.15G   0.01403   0.01592         0   0.02995       626       512    0.9286    0.9397     0.942    0.3872   0.01541   0.02019         0
   459/499     6.15G   0.01471   0.01963         0   0.03434       673       512    0.9183     0.944    0.9387    0.3827   0.01553   0.02026         0
   460/499     6.15G   0.01362   0.01493         0   0.02854       600       512    0.9248    0.9524    0.9525    0.3934   0.01525   0.02016         0
   461/499     6.15G   0.01475   0.01797         0   0.03272       766       512    0.9215    0.9483    0.9431    0.3872   0.01534   0.02027         0
   462/499     6.15G   0.01482    0.0169         0   0.03171       615       512     0.924    0.9429    0.9433    0.3776   0.01554   0.02034         0
   463/499     6.15G   0.01426   0.01602         0   0.03028       708       512    0.9241    0.9451    0.9472    0.3872   0.01529   0.02016         0
   464/499     6.15G   0.01444    0.0162         0   0.03064       501       512    0.9233    0.9462      0.95    0.3965   0.01517   0.02002         0
   465/499     6.15G   0.01444   0.01456         0     0.029       517       512    0.9223    0.9461    0.9464    0.3897   0.01535   0.02005         0
   466/499     6.15G   0.01407   0.01775         0   0.03182       623       512    0.9216    0.9516    0.9496    0.3796   0.01556   0.02027         0
   467/499     6.15G   0.01456   0.01893         0   0.03349       928       512    0.9238    0.9525    0.9534     0.387    0.0154   0.02022         0
   468/499     6.15G   0.01425   0.01659         0   0.03083       784       512    0.9253    0.9473    0.9469    0.3923   0.01538   0.02028         0
   469/499     6.15G   0.01464   0.01768         0   0.03232       924       512    0.9251    0.9451    0.9424     0.385   0.01548    0.0204         0
   470/499     6.15G   0.01393   0.01721         0   0.03115       855       512    0.9281    0.9451    0.9444    0.3856   0.01544   0.02032         0
   471/499     6.15G   0.01385   0.01575         0    0.0296       651       512    0.9262    0.9473    0.9487    0.3927   0.01531    0.0202         0
   472/499     6.15G   0.01433   0.01761         0   0.03193       598       512    0.9274    0.9483    0.9505    0.3877   0.01529   0.02013         0
   473/499     6.15G   0.01492   0.01855         0   0.03346       559       512    0.9273    0.9494    0.9498    0.3865   0.01542   0.02019         0
   474/499     6.15G   0.01495   0.01908         0   0.03403       692       512    0.9194    0.9462    0.9417     0.385   0.01541    0.0202         0
   475/499     6.15G   0.01392   0.01649         0   0.03041       705       512    0.9255    0.9494     0.949    0.3975   0.01515   0.02007         0
   476/499     6.15G   0.01474   0.01786         0    0.0326       598       512    0.9242    0.9462    0.9432    0.3919   0.01528   0.02016         0
   477/499     6.15G   0.01519   0.01719         0   0.03238      1023       512    0.9222    0.9473     0.945     0.382    0.0155   0.02036         0
   478/499     6.15G   0.01393   0.01642         0   0.03035       680       512    0.9224    0.9472    0.9465    0.3943   0.01519   0.02016         0
   479/499     6.15G   0.01361   0.01794         0   0.03156       527       512    0.9334    0.9354    0.9442    0.3974   0.01514   0.02011         0
   480/499     6.15G   0.01429   0.01842         0   0.03271       735       512    0.9345    0.9365    0.9459    0.3865   0.01532    0.0202         0
   481/499     6.15G   0.01512   0.01782         0   0.03295       842       512    0.9312    0.9333    0.9433    0.3941   0.01523   0.02013         0
   482/499     6.15G   0.01406   0.01812         0   0.03218       546       512    0.9283    0.9354     0.943    0.3973   0.01515    0.0201         0
   483/499     6.15G   0.01371   0.01641         0   0.03011       649       512    0.9353    0.9343    0.9455    0.3976   0.01511   0.02007         0
   484/499     6.15G   0.01437   0.01821         0   0.03258       755       512     0.928     0.944    0.9474    0.3962   0.01511   0.02006         0
   485/499     6.15G   0.01389   0.01704         0   0.03093       685       512    0.9326    0.9386    0.9472    0.3971   0.01509   0.02007         0
   486/499     6.15G   0.01469   0.01941         0    0.0341       638       512    0.9273    0.9343    0.9369    0.3856   0.01533   0.02031         0
   487/499     6.15G   0.01498   0.01879         0   0.03378      1165       512    0.9298    0.9407    0.9474    0.3984   0.01508   0.02023         0
   488/499     6.15G   0.01391   0.01607         0   0.02997       798       512    0.9276    0.9376    0.9459    0.3971   0.01512   0.02029         0
   489/499     6.15G   0.01427   0.01724         0   0.03151       797       512    0.9296    0.9385     0.948     0.395   0.01514   0.02023         0
   490/499     6.15G    0.0136   0.01622         0   0.02982       522       512    0.9136    0.9556    0.9447    0.3923   0.01524   0.02026         0
   491/499     6.15G    0.0133   0.01715         0   0.03045       722       512    0.9126    0.9559    0.9463     0.391   0.01527   0.02026         0
   492/499     6.15G   0.01421   0.01726         0   0.03147       685       512    0.9198    0.9516    0.9484    0.3986   0.01515   0.02015         0
   493/499     6.15G   0.01454   0.01712         0   0.03166       580       512    0.9157    0.9483    0.9433     0.385   0.01538   0.02028         0
   494/499     6.15G   0.01397    0.0161         0   0.03007       626       512    0.9136    0.9462    0.9391    0.3831   0.01546   0.02032         0
   495/499     6.15G   0.01368   0.01779         0   0.03148       735       512    0.9127    0.9451    0.9381    0.3772   0.01558   0.02038         0
   496/499     6.15G   0.01337    0.0158         0   0.02917       554       512    0.9208    0.9386    0.9409    0.3788   0.01554   0.02036         0
   497/499     6.15G   0.01395    0.0159         0   0.02984       477       512    0.9113    0.9408    0.9295    0.3755   0.01555   0.02037         0
   498/499     6.15G   0.01409   0.01749         0   0.03158       557       512    0.9175    0.9462    0.9444    0.3716   0.01566   0.02047         0
   499/499     6.15G   0.01395   0.01682         0   0.03077       748       512    0.9231    0.9429    0.9474    0.3713   0.01567   0.02053         0
