0 0.399004 0.80875 0.00634058 0.01 0.251709
0 0.904438 0.488125 0.00634058 0.00875 0.253418
0 0.629076 0.316875 0.00634058 0.00875 0.267822
0 0.185688 0.306875 0.00724638 0.00875 0.276123
0 0.664402 0.65625 0.00634058 0.01 0.290527
0 0.866848 0.02375 0.00543478 0.0075 0.290771
0 0.65625 0.03375 0.00634058 0.0075 0.291748
0 0.537591 0.921875 0.00452899 0.00875 0.300537
0 0.264946 0.240625 0.00634058 0.00875 0.30249
0 0.613225 0.483125 0.00724638 0.00875 0.30542
0 0.733696 0.565 0.00724638 0.01 0.312012
0 0.339221 0.549375 0.00634058 0.00875 0.314453
0 0.223279 0.655625 0.00634058 0.00875 0.314941
0 0.236866 0.438125 0.00634058 0.00875 0.319824
0 0.719656 0.9075 0.00634058 0.0075 0.322021
0 0.97192 0.21625 0.00543478 0.0075 0.325439
0 0.589674 0.77125 0.00543478 0.0075 0.328369
0 0.19837 0.366875 0.00724638 0.00875 0.337402
0 0.341033 0.371875 0.00634058 0.00875 0.34668
0 0.54529 0.503125 0.00543478 0.00875 0.349121
0 0.833333 0.979375 0.00543478 0.00875 0.353516
0 0.731884 0.806875 0.00543478 0.00875 0.362549
0 0.577899 0.488125 0.00724638 0.00875 0.369385
0 0.529438 0.678125 0.00634058 0.00875 0.371338
0 0.589221 0.78 0.00634058 0.0075 0.388184
0 0.566123 0.860625 0.00543478 0.00875 0.389404
0 0.802083 0.215625 0.00634058 0.00875 0.392334
0 0.82654 0.686875 0.00634058 0.00875 0.397705
0 0.41712 0.448125 0.00634058 0.00875 0.402344
0 0.226902 0.475 0.00634058 0.01 0.403076
0 0.781703 0.3925 0.00724638 0.0075 0.408447
0 0.331975 0.368125 0.00634058 0.00875 0.409912
0 0.143569 0.505625 0.00634058 0.00875 0.419678
0 0.672554 0.666875 0.00634058 0.00875 0.421143
0 0.163043 0.510625 0.00543478 0.00875 0.42749
0 0.513587 0.965625 0.00543478 0.00875 0.443115
0 0.789855 0.381875 0.00543478 0.00875 0.449219
0 0.730525 0.546875 0.00634058 0.00875 0.459229
0 0.849185 0.80875 0.00634058 0.01 0.460449
0 0.724638 0.663125 0.00543478 0.00875 0.461426
0 0.206975 0.425625 0.00634058 0.00875 0.466553
0 0.422554 0.468125 0.00634058 0.00875 0.467285
0 0.930707 0.5375 0.00634058 0.01 0.46875
0 0.337409 0.350625 0.00634058 0.00875 0.474609
0 0.738678 0.353125 0.00634058 0.00875 0.477783
0 0.59692 0.1175 0.00543478 0.0075 0.479004
0 0.724638 0.79625 0.00543478 0.0075 0.479248
0 0.640399 0.9525 0.00543478 0.0075 0.481689
0 0.633605 0.834375 0.00634058 0.00875 0.482422
0 0.301178 0.56375 0.00634058 0.01 0.483643
0 0.461504 0.9775 0.00634058 0.0075 0.485107
0 0.663496 0.794375 0.00634058 0.00875 0.486084
0 0.726449 0.883125 0.00543478 0.00875 0.488281
0 0.757699 0.284375 0.00634058 0.00875 0.491211
0 0.362319 0.18 0.00543478 0.0075 0.493164
0 0.908514 0.391875 0.00543478 0.00875 0.493164
0 0.560688 0.919375 0.00543478 0.00875 0.494873
0 0.42346 0.443125 0.00634058 0.00875 0.49585
0 0.194293 0.331875 0.00634058 0.00875 0.49707
0 0.930254 0.77375 0.00543478 0.01 0.497314
0 0.574275 0.808125 0.00543478 0.00875 0.501465
0 0.874094 0.153125 0.00543478 0.00875 0.50293
0 0.627717 0.78375 0.00543478 0.0075 0.505859
0 0.890399 0.424375 0.00724638 0.00875 0.507812
0 0.927536 0.663125 0.00724638 0.00875 0.510254
0 0.265399 0.43125 0.00724638 0.01 0.512695
0 0.591033 0.301875 0.00634058 0.00875 0.515625
0 0.392663 0.805 0.00634058 0.0075 0.516113
0 0.555254 0.615625 0.00724638 0.00875 0.516602
0 0.453351 0.3275 0.00634058 0.0075 0.51709
0 0.182971 0.348125 0.00543478 0.00875 0.519531
0 0.429801 0.460625 0.00634058 0.00875 0.519531
0 0.200634 0.280625 0.00634058 0.00875 0.520996
0 0.331975 0.250625 0.00634058 0.00875 0.521484
0 0.766304 0.28 0.00543478 0.01 0.521973
0 0.214221 0.665625 0.00634058 0.00875 0.522461
0 0.532609 0.409375 0.00724638 0.00875 0.527344
0 0.67346 0.584375 0.00634058 0.00875 0.530762
0 0.830163 0.718125 0.00634058 0.00875 0.53125
0 0.961051 0.240625 0.00543478 0.00875 0.531738
0 0.153986 0.503125 0.00543478 0.00875 0.535156
0 0.312953 0.29875 0.00634058 0.01 0.535156
0 0.656703 0.121875 0.00543478 0.00875 0.536133
0 0.225543 0.69 0.00543478 0.0075 0.537109
0 0.675272 0.57125 0.00634058 0.01 0.537598
0 0.727355 0.903125 0.00543478 0.00875 0.538574
0 0.577899 0.496875 0.00543478 0.00875 0.539062
0 0.771286 0.88 0.00634058 0.0075 0.539062
0 0.39538 0.515625 0.00634058 0.00875 0.541504
0 0.42346 0.173125 0.00634058 0.00875 0.542969
0 0.433424 0.949375 0.00634058 0.00875 0.543945
0 0.293931 0.9025 0.00634058 0.0075 0.544434
0 0.946105 0.318125 0.00634058 0.00875 0.544922
0 0.620924 0.915625 0.00634058 0.00875 0.546387
0 0.555707 0.90125 0.00634058 0.0075 0.546875
0 0.79212 0.639375 0.00634058 0.00875 0.547363
0 0.839674 0.730625 0.00543478 0.00875 0.549316
0 0.860054 0.370625 0.00634058 0.00875 0.549316
0 0.295743 0.419375 0.00634058 0.00875 0.551758
0 0.771286 0.486875 0.00634058 0.00875 0.552246
0 0.938406 0.528125 0.00543478 0.00875 0.552734
0 0.605978 0.488125 0.00724638 0.00875 0.552734
0 0.282156 0.644375 0.00634058 0.00875 0.552734
0 0.644022 0.659375 0.00724638 0.00875 0.553711
0 0.743207 0.863125 0.00634058 0.00875 0.555664
0 0.820199 0.459375 0.00634058 0.00875 0.556152
0 0.492301 0.1675 0.00634058 0.0075 0.556152
0 0.764946 0.338125 0.00634058 0.00875 0.557129
0 0.158062 0.335 0.00634058 0.01 0.559082
0 0.547101 0.461875 0.00543478 0.00875 0.562988
0 0.511775 0.223125 0.00724638 0.00875 0.564941
0 0.555254 0.480625 0.00543478 0.00875 0.566406
0 0.872283 0.12 0.00543478 0.0075 0.566406
0 0.249547 0.611875 0.00634058 0.00875 0.567383
0 0.645833 0.566875 0.00724638 0.00875 0.567383
0 0.96875 0.308125 0.00634058 0.00875 0.568848
0 0.438859 0.668125 0.00634058 0.00875 0.568848
0 0.178895 0.570625 0.00634058 0.00875 0.572754
0 0.361866 0.298125 0.00634058 0.00875 0.573242
0 0.634058 0.796875 0.00543478 0.00875 0.573242
0 0.357337 0.828125 0.00634058 0.00875 0.57373
0 0.176178 0.313125 0.00634058 0.00875 0.57373
0 0.541667 0.669375 0.00543478 0.00875 0.57373
0 0.730072 0.078125 0.00543478 0.00875 0.574219
0 0.271286 0.619375 0.00634058 0.00875 0.575195
0 0.538496 0.90625 0.00634058 0.0075 0.577148
0 0.507246 0.030625 0.00543478 0.00875 0.580078
0 0.467391 0.246875 0.00543478 0.00875 0.580078
0 0.338315 0.341875 0.00634058 0.00875 0.580078
0 0.203351 0.601875 0.00634058 0.00875 0.580078
0 0.379529 0.02 0.00543478 0.0075 0.580078
0 0.267663 0.470625 0.00634058 0.00875 0.580566
0 0.574275 0.86 0.00543478 0.0075 0.580566
0 0.38587 0.429375 0.00724638 0.00875 0.581055
0 0.65625 0.915625 0.00634058 0.00875 0.581543
0 0.185236 0.249375 0.00634058 0.00875 0.58252
0 0.648098 0.855625 0.00634058 0.00875 0.58252
0 0.17346 0.361875 0.00634058 0.00875 0.583008
0 0.950181 0.520625 0.00724638 0.00875 0.583008
0 0.875453 0.166875 0.00634058 0.00875 0.583984
0 0.422554 0.286875 0.00634058 0.00875 0.583984
0 0.161685 0.401875 0.00634058 0.00875 0.584961
0 0.472826 0.08375 0.00543478 0.0075 0.584961
0 0.570652 0.641875 0.00543478 0.00875 0.585938
0 0.279438 0.278125 0.00634058 0.00875 0.588379
0 0.73913 0.665625 0.00724638 0.00875 0.588867
0 0.216033 0.366875 0.00634058 0.00875 0.589844
0 0.76404 0.7325 0.00634058 0.0075 0.59082
0 0.951993 0.205625 0.00543478 0.00875 0.59082
0 0.286685 0.426875 0.00634058 0.00875 0.59082
0 0.961957 0.221875 0.00543478 0.00875 0.591309
0 0.598732 0.504375 0.00724638 0.00875 0.591797
0 0.78442 0.639375 0.00724638 0.00875 0.592285
0 0.262228 0.411875 0.00634058 0.00875 0.59375
0 0.438406 0.845 0.00543478 0.0075 0.59375
0 0.902627 0.496875 0.00634058 0.00875 0.594238
0 0.789855 0.230625 0.00543478 0.00875 0.594238
0 0.636775 0.588125 0.00724638 0.00875 0.595215
0 0.740036 0.628125 0.00724638 0.00875 0.596191
0 0.53442 0.464375 0.00724638 0.00875 0.59668
0 0.159873 0.464375 0.00634058 0.00875 0.597168
0 0.317482 0.030625 0.00634058 0.00875 0.598633
0 0.935236 0.75375 0.00634058 0.01 0.599121
0 0.254529 0.2275 0.00724638 0.01 0.599121
0 0.629076 0.62875 0.00634058 0.01 0.600586
0 0.648551 0.821875 0.00543478 0.00875 0.601074
0 0.901268 0.438125 0.00724638 0.00875 0.601562
0 0.442482 0.120625 0.00634058 0.00875 0.602051
0 0.575634 0.448125 0.00634058 0.00875 0.602539
0 0.924819 0.365625 0.00724638 0.00875 0.602539
0 0.459692 0.566875 0.00634058 0.00875 0.602539
0 0.518116 0.024375 0.00543478 0.00875 0.602539
0 0.629982 0.328125 0.00634058 0.00875 0.602539
0 0.629529 0.089375 0.00543478 0.00875 0.603027
0 0.575181 0.359375 0.00543478 0.00875 0.603027
0 0.370924 0.82625 0.00634058 0.0075 0.603516
0 0.386322 0.520625 0.00634058 0.00875 0.603516
0 0.29212 0.78625 0.00634058 0.0075 0.603516
0 0.473279 0.099375 0.00634058 0.00875 0.604004
0 0.774457 0.758125 0.00543478 0.00875 0.604004
0 0.728714 0.343125 0.00634058 0.00875 0.604004
0 0.415308 0.97125 0.00634058 0.0075 0.604492
0 0.379982 0.94875 0.00634058 0.0075 0.604492
0 0.45788 0.593125 0.00634058 0.00875 0.604492
0 0.148098 0.421875 0.00634058 0.00875 0.604492
0 0.849185 0.449375 0.00634058 0.00875 0.604492
0 0.927083 0.785625 0.00634058 0.00875 0.605469
0 0.716938 0.88 0.00634058 0.0075 0.605469
0 0.550272 0.360625 0.00634058 0.00875 0.606445
0 0.405344 0.260625 0.00634058 0.00875 0.606934
0 0.585598 0.369375 0.00634058 0.00875 0.606934
0 0.659873 0.84125 0.00634058 0.0075 0.606934
0 0.79529 0.208125 0.00543478 0.00875 0.60791
0 0.779891 0.089375 0.00543478 0.00875 0.60791
0 0.719203 0.07 0.00543478 0.0075 0.60791
0 0.537591 0.936875 0.00452899 0.00875 0.60791
0 0.490489 0.253125 0.00634058 0.00875 0.609863
0 0.497736 0.92625 0.00634058 0.0075 0.610352
0 0.266757 0.118125 0.00634058 0.00875 0.610352
0 0.624547 0.81875 0.00634058 0.0075 0.61084
0 0.304801 0.199375 0.00634058 0.00875 0.61084
0 0.429348 0.095 0.00543478 0.0075 0.611328
0 0.787591 0.104375 0.00634058 0.00875 0.611328
0 0.245018 0.680625 0.00634058 0.00875 0.611328
0 0.48596 0.608125 0.00634058 0.00875 0.611816
0 0.466938 0.235625 0.00634058 0.00875 0.612305
0 0.33288 0.180625 0.00634058 0.00875 0.612305
0 0.152627 0.298125 0.00634058 0.00875 0.612793
0 0.302083 0.254375 0.00634058 0.00875 0.612793
0 0.330163 0.468125 0.00634058 0.00875 0.612793
0 0.204257 0.759375 0.00634058 0.00875 0.613281
0 0.363678 0.68 0.00634058 0.0075 0.613281
0 0.386322 0.449375 0.00634058 0.00875 0.613281
0 0.25317 0.82125 0.00634058 0.0075 0.613281
0 0.459692 0.37125 0.00634058 0.0075 0.614258
0 0.838315 0.440625 0.00634058 0.00875 0.615723
0 0.563859 0.939375 0.00634058 0.00875 0.615723
0 0.548007 0.426875 0.00724638 0.00875 0.616211
0 0.183877 0.60125 0.00543478 0.0075 0.616699
0 0.735054 0.320625 0.00634058 0.00875 0.616699
0 0.466486 0.11625 0.00543478 0.0075 0.616699
0 0.521286 0.8025 0.00634058 0.0075 0.616699
0 0.571558 0.725625 0.00543478 0.00875 0.617676
0 0.559783 0.775 0.00543478 0.0075 0.618164
0 0.524909 0.394375 0.00634058 0.00875 0.618652
0 0.45154 0.106875 0.00634058 0.00875 0.618652
0 0.933877 0.324375 0.00724638 0.00875 0.618652
0 0.210598 0.449375 0.00634058 0.00875 0.618652
0 0.639946 0.030625 0.00634058 0.00875 0.620117
0 0.500906 0.698125 0.00543478 0.00875 0.620117
0 0.400815 0.73 0.00634058 0.0075 0.620605
0 0.818841 0.825 0.00543478 0.0075 0.620605
0 0.52808 0.786875 0.00543478 0.00875 0.621094
0 0.568841 0.231875 0.00724638 0.00875 0.621094
0 0.147192 0.459375 0.00634058 0.00875 0.621094
0 0.504982 0.431875 0.00634058 0.00875 0.621094
0 0.58288 0.9525 0.00634058 0.0075 0.621094
0 0.427083 0.573125 0.00634058 0.00875 0.621094
0 0.745924 0.821875 0.00634058 0.00875 0.62207
0 0.396286 0.416875 0.00634058 0.00875 0.62207
0 0.758152 0.200625 0.00543478 0.00875 0.622559
0 0.692482 0.235625 0.00634058 0.00875 0.623047
0 0.973732 0.543125 0.00724638 0.00875 0.623047
0 0.376359 0.688125 0.00634058 0.00875 0.623535
0 0.506793 0.418125 0.00634058 0.00875 0.623535
0 0.689312 0.746875 0.00543478 0.00875 0.624512
0 0.845562 0.463125 0.00634058 0.00875 0.624512
0 0.578804 0.385625 0.00724638 0.00875 0.624512
0 0.387228 0.130625 0.00634058 0.00875 0.625
0 0.319293 0.258125 0.00634058 0.00875 0.625
0 0.307518 0.176875 0.00634058 0.00875 0.625488
0 0.562953 0.434375 0.00634058 0.00875 0.625488
0 0.502264 0.395625 0.00634058 0.00875 0.625488
0 0.613225 0.514375 0.00724638 0.00875 0.625977
0 0.511775 0.07375 0.00543478 0.0075 0.626465
0 0.680254 0.06125 0.00543478 0.0075 0.626465
0 0.464221 0.86625 0.00634058 0.0075 0.626465
0 0.513134 0.516875 0.00634058 0.00875 0.627441
0 0.882699 0.476875 0.00634058 0.00875 0.627441
0 0.381793 0.89375 0.00634058 0.0075 0.62793
0 0.368207 0.286875 0.00634058 0.00875 0.628906
0 0.532156 0.886875 0.00634058 0.00875 0.629395
0 0.942935 0.346875 0.00724638 0.00875 0.629395
0 0.672101 0.458125 0.00724638 0.00875 0.629883
0 0.40625 0.563125 0.00634058 0.00875 0.629883
0 0.455163 0.351875 0.00634058 0.00875 0.629883
0 0.227355 0.308125 0.00724638 0.00875 0.629883
0 0.606431 0.9675 0.00634058 0.0075 0.629883
0 0.637228 0.930625 0.00634058 0.00875 0.630859
0 0.586504 0.288125 0.00634058 0.00875 0.630859
0 0.573822 0.169375 0.00634058 0.00875 0.631348
0 0.41712 0.245625 0.00634058 0.00875 0.631836
0 0.383605 0.639375 0.00634058 0.00875 0.631836
0 0.638134 0.095625 0.00634058 0.00875 0.631836
0 0.705616 0.948125 0.00543478 0.00875 0.632324
0 0.290308 0.039375 0.00634058 0.00875 0.632812
0 0.238225 0.423125 0.00724638 0.00875 0.632812
0 0.879982 0.650625 0.00634058 0.00875 0.632812
0 0.364583 0.364375 0.00634058 0.00875 0.633301
0 0.686141 0.88 0.00634058 0.0075 0.633301
0 0.745018 0.476875 0.00634058 0.00875 0.633789
0 0.655797 0.535 0.00724638 0.01 0.633789
0 0.579257 0.71125 0.00634058 0.0075 0.634277
0 0.799819 0.394375 0.00724638 0.00875 0.634277
0 0.547101 0.225625 0.00543478 0.00875 0.634766
0 0.259511 0.625625 0.00634058 0.00875 0.635254
0 0.521286 0.489375 0.00634058 0.00875 0.63623
0 0.552536 0.796875 0.00543478 0.00875 0.63623
0 0.188859 0.566875 0.00634058 0.00875 0.63623
0 0.679348 0.80125 0.00543478 0.0075 0.636719
0 0.775362 0.431875 0.00543478 0.00875 0.636719
0 0.310236 0.795 0.00634058 0.0075 0.636719
0 0.86096 0.423125 0.00634058 0.00875 0.637207
0 0.758152 0.255625 0.00543478 0.00875 0.637695
0 0.507246 0.619375 0.00543478 0.00875 0.637695
0 0.668931 0.406875 0.00634058 0.00875 0.638184
0 0.263134 0.595625 0.00634058 0.00875 0.638184
0 0.495924 0.2925 0.00634058 0.0075 0.638184
0 0.923913 0.596875 0.00724638 0.00875 0.638672
0 0.735054 0.193125 0.00634058 0.00875 0.638672
0 0.939312 0.591875 0.00543478 0.00875 0.63916
0 0.203351 0.614375 0.00634058 0.00875 0.640137
0 0.337409 0.53375 0.00634058 0.01 0.640137
0 0.752717 0.495 0.00724638 0.01 0.640625
0 0.896286 0.356875 0.00634058 0.00875 0.640625
0 0.331069 0.198125 0.00634058 0.00875 0.641113
0 0.797101 0.120625 0.00543478 0.00875 0.641602
0 0.754529 0.326875 0.00543478 0.00875 0.64209
0 0.682065 0.225625 0.00543478 0.00875 0.642578
0 0.549819 0.76125 0.00543478 0.0075 0.642578
0 0.388134 0.108125 0.00634058 0.00875 0.642578
0 0.275815 0.751875 0.00634058 0.00875 0.643066
0 0.483243 0.223125 0.00634058 0.00875 0.643555
0 0.668478 0.13 0.00543478 0.0075 0.643555
0 0.620924 0.224375 0.00634058 0.00875 0.643555
0 0.573822 0.905625 0.00634058 0.00875 0.643555
0 0.701087 0.141875 0.00543478 0.00875 0.644531
0 0.697917 0.331875 0.00634058 0.00875 0.644531
0 0.488678 0.8275 0.00634058 0.0075 0.644531
0 0.982337 0.335625 0.00634058 0.00875 0.644531
0 0.72192 0.386875 0.00724638 0.00875 0.644531
0 0.736866 0.683125 0.00634058 0.00875 0.64502
0 0.728714 0.289375 0.00634058 0.00875 0.64502
0 0.773551 0.210625 0.00543478 0.00875 0.64502
0 0.725996 0.635625 0.00634058 0.00875 0.646484
0 0.805707 0.1325 0.00634058 0.0075 0.646973
0 0.847373 0.0975 0.00634058 0.0075 0.646973
0 0.334239 0.12875 0.00543478 0.0075 0.646973
0 0.221467 0.520625 0.00634058 0.00875 0.647949
0 0.30163 0.586875 0.00724638 0.00875 0.648438
0 0.73913 0.545625 0.00724638 0.00875 0.648438
0 0.587862 0.12125 0.00543478 0.0075 0.648926
0 0.84058 0.481875 0.00724638 0.00875 0.648926
0 0.299366 0.270625 0.00634058 0.00875 0.649414
0 0.887681 0.306875 0.00724638 0.00875 0.649414
0 0.237772 0.75 0.00634058 0.0075 0.650391
0 0.371377 0.551875 0.00724638 0.00875 0.650391
0 0.600091 0.336875 0.00634058 0.00875 0.650391
0 0.912138 0.363125 0.00724638 0.00875 0.651367
0 0.500453 0.154375 0.00634058 0.00875 0.651855
0 0.754529 0.939375 0.00543478 0.00875 0.652344
0 0.897645 0.563125 0.00724638 0.00875 0.652832
0 0.848732 0.369375 0.00724638 0.00875 0.652832
0 0.665761 0.22 0.00543478 0.0075 0.65332
0 0.558424 0.74375 0.00634058 0.0075 0.65332
0 0.980978 0.593125 0.00724638 0.00875 0.65332
0 0.646286 0.421875 0.00634058 0.00875 0.653809
0 0.722826 0.370625 0.00543478 0.00875 0.654297
0 0.950634 0.341875 0.00634058 0.00875 0.654297
0 0.410779 0.486875 0.00634058 0.00875 0.654297
0 0.408967 0.160625 0.00634058 0.00875 0.654297
0 0.620924 0.29625 0.00634058 0.0075 0.654297
0 0.978261 0.375 0.00543478 0.01 0.654785
0 0.409873 0.06875 0.00634058 0.0075 0.655762
0 0.466938 0.31125 0.00634058 0.0075 0.65625
0 0.29846 0.616875 0.00634058 0.00875 0.65625
0 0.876359 0.206875 0.00634058 0.00875 0.656738
0 0.691576 0.28625 0.00634058 0.0075 0.657715
0 0.482337 0.294375 0.00634058 0.00875 0.657715
0 0.808424 0.838125 0.00634058 0.00875 0.658203
0 0.455163 0.693125 0.00634058 0.00875 0.658203
0 0.793931 0.9425 0.00634058 0.0075 0.658203
0 0.600091 0.695625 0.00634058 0.00875 0.658691
0 0.631793 0.205625 0.00634058 0.00875 0.658691
0 0.260417 0.7625 0.00634058 0.01 0.659668
0 0.370924 0.79 0.00634058 0.01 0.659668
0 0.384511 0.221875 0.00634058 0.00875 0.659668
0 0.866395 0.503125 0.00634058 0.00875 0.659668
0 0.311141 0.704375 0.00634058 0.00875 0.660156
0 0.627717 0.276875 0.00724638 0.00875 0.660645
0 0.356884 0.159375 0.00543478 0.00875 0.662109
0 0.754982 0.05625 0.00634058 0.0075 0.662598
0 0.495924 0.218125 0.00634058 0.00875 0.663086
0 0.754076 0.573125 0.00634058 0.00875 0.663086
0 0.754529 0.696875 0.00724638 0.00875 0.664062
0 0.695199 0.061875 0.00634058 0.00875 0.664062
0 0.299366 0.648125 0.00634058 0.00875 0.664551
0 0.426178 0.216875 0.00634058 0.00875 0.665527
0 0.875453 0.270625 0.00634058 0.00875 0.665527
0 0.529891 0.315625 0.00724638 0.00875 0.666016
0 0.232337 0.363125 0.00634058 0.00875 0.666016
0 0.256793 0.291875 0.00634058 0.00875 0.666504
0 0.394475 0.69125 0.00634058 0.01 0.666992
0 0.206069 0.541875 0.00634058 0.00875 0.667969
0 0.540761 0.639375 0.00543478 0.00875 0.668457
0 0.54846 0.078125 0.00634058 0.00875 0.669434
0 0.791667 0.04375 0.00543478 0.0075 0.670898
0 0.654438 0.061875 0.00634058 0.00875 0.671387
0 0.564764 0.281875 0.00634058 0.00875 0.671387
0 0.841938 0.408125 0.00634058 0.00875 0.672852
0 0.544837 0.189375 0.00634058 0.00875 0.672852
0 0.90942 0.599375 0.00724638 0.00875 0.673828
0 0.760417 0.541875 0.00634058 0.00875 0.680176
0 0.443388 0.425625 0.00634058 0.00875 0.682129
0 0.431612 0.075625 0.00634058 0.00875 0.6875
