0 0.776268 0.503125 0.00724638 0.00875 0.291992
0 0.595109 0.67875 0.00724638 0.01 0.435303
0 0.199728 0.731875 0.00634058 0.00875 0.541992
0 0.528986 0.8825 0.00543478 0.0075 0.544922
0 0.484149 0.791875 0.00634058 0.00875 0.559082
0 0.518569 0.891875 0.00634058 0.00875 0.563477
0 0.441576 0.835 0.00634058 0.0075 0.591309
0 0.819293 0.675 0.00634058 0.01 0.605957
0 0.720562 0.9425 0.00634058 0.0075 0.609375
0 0.670743 0.458125 0.00634058 0.00875 0.61084
0 0.629982 0.635625 0.00634058 0.00875 0.613281
0 0.661232 0.498125 0.00724638 0.00875 0.614258
0 0.882246 0.204375 0.00543478 0.00875 0.618164
0 0.373641 0.51125 0.00634058 0.01 0.624023
0 0.339221 0.46125 0.00634058 0.01 0.62793
0 0.73596 0.274375 0.00634058 0.00875 0.628418
0 0.380888 0.90625 0.00634058 0.0075 0.635254
0 0.273098 0.809375 0.00634058 0.00875 0.637207
0 0.741848 0.239375 0.00724638 0.00875 0.63916
0 0.697464 0.241875 0.00724638 0.00875 0.640625
0 0.45788 0.686875 0.00634058 0.00875 0.64209
0 0.686141 0.325 0.00634058 0.0075 0.643066
0 0.670743 0.375625 0.00634058 0.00875 0.646973
0 0.408062 0.480625 0.00634058 0.00875 0.646973
0 0.299366 0.0925 0.00634058 0.01 0.647461
0 0.688859 0.755 0.00634058 0.01 0.647949
0 0.701087 0.261875 0.00543478 0.00875 0.648926
0 0.287591 0.705625 0.00634058 0.00875 0.649414
0 0.852355 0.089375 0.00543478 0.00875 0.650391
0 0.535326 0.27875 0.00724638 0.01 0.650879
0 0.408062 0.411875 0.00634058 0.00875 0.654297
0 0.601449 0.288125 0.00724638 0.00875 0.655273
0 0.54529 0.076875 0.00543478 0.00875 0.65625
0 0.47962 0.073125 0.00634058 0.00875 0.65625
0 0.744565 0.166875 0.00724638 0.00875 0.656738
0 0.447464 0.398125 0.00724638 0.00875 0.657227
0 0.827446 0.095625 0.00634058 0.00875 0.657715
0 0.571558 0.285625 0.00724638 0.00875 0.658691
0 0.650815 0.399375 0.00634058 0.00875 0.660156
0 0.646286 0.816875 0.00634058 0.00875 0.661133
0 0.234149 0.73375 0.00634058 0.01 0.662598
0 0.381793 0.76875 0.00634058 0.0075 0.662598
0 0.181612 0.723125 0.00634058 0.00875 0.664551
0 0.230525 0.295 0.00634058 0.01 0.665527
0 0.913043 0.326875 0.00724638 0.00875 0.666016
0 0.402627 0.068125 0.00634058 0.00875 0.66748
0 0.689312 0.143125 0.00543478 0.00875 0.672363
0 0.499547 0.401875 0.00634058 0.00875 0.67334
0 0.51721 0.066875 0.00543478 0.00875 0.680664
0 0.579257 0.443125 0.00634058 0.00875 0.682129
