0 0.59375 0.6725 0.00634058 0.01 0.363525
0 0.225996 0.295625 0.00634058 0.00875 0.501465
0 0.8125 0.67125 0.00724638 0.01 0.539551
0 0.538949 0.079375 0.00543478 0.00875 0.560059
0 0.663949 0.363125 0.00724638 0.00875 0.575195
0 0.436141 0.834375 0.00634058 0.00875 0.581543
0 0.369112 0.509375 0.00634058 0.00875 0.584473
0 0.277627 0.811875 0.00634058 0.00875 0.584961
0 0.664855 0.47 0.00724638 0.01 0.60791
0 0.90625 0.316875 0.00634058 0.00875 0.616699
0 0.714221 0.96125 0.00634058 0.0075 0.617676
0 0.679801 0.76625 0.00634058 0.01 0.62207
0 0.45154 0.69625 0.00634058 0.0075 0.622559
0 0.644928 0.79875 0.00724638 0.01 0.622559
0 0.308877 0.098125 0.00724638 0.00875 0.624023
0 0.51087 0.0725 0.00543478 0.0075 0.632324
0 0.771739 0.528125 0.00724638 0.00875 0.632812
0 0.657609 0.49125 0.00724638 0.01 0.633301
0 0.639493 0.396875 0.00543478 0.00875 0.634766
0 0.488678 0.073125 0.00634058 0.00875 0.641113
0 0.470109 0.795625 0.00724638 0.00875 0.641602
0 0.375453 0.769375 0.00634058 0.00875 0.641602
0 0.268569 0.723125 0.00634058 0.00875 0.643066
0 0.488678 0.4075 0.00634058 0.01 0.643066
0 0.446105 0.399375 0.00634058 0.00875 0.644531
0 0.340127 0.460625 0.00634058 0.00875 0.645508
0 0.674366 0.339375 0.00634058 0.00875 0.646973
0 0.574728 0.446875 0.00634058 0.00875 0.65332
0 0.882246 0.215625 0.00543478 0.00875 0.653809
0 0.404438 0.41625 0.00634058 0.01 0.655273
0 0.619565 0.649375 0.00724638 0.00875 0.65918
0 0.740036 0.161875 0.00543478 0.00875 0.65918
0 0.224185 0.733125 0.00634058 0.00875 0.660645
0 0.401721 0.48625 0.00634058 0.01 0.662598
0 0.688406 0.151875 0.00543478 0.00875 0.663574
0 0.376359 0.9175 0.00634058 0.0075 0.665527
0 0.397192 0.069375 0.00634058 0.00875 0.675293
0 0.533514 0.274375 0.00724638 0.00875 0.676758
