0 0.713768 0.980625 0.00543478 0.00875 0.424561
0 0.655344 0.79125 0.00634058 0.01 0.547363
0 0.445199 0.713125 0.00634058 0.00875 0.566406
0 0.438859 0.83625 0.00634058 0.0075 0.569824
0 0.248641 0.74625 0.00634058 0.0075 0.583984
0 0.363678 0.51375 0.00634058 0.01 0.587891
0 0.805254 0.671875 0.00724638 0.00875 0.590332
0 0.464221 0.799375 0.00634058 0.00875 0.599609
0 0.366395 0.924375 0.00634058 0.00875 0.602051
0 0.387228 0.073125 0.00634058 0.00875 0.61377
0 0.633152 0.401875 0.00724638 0.00875 0.617188
0 0.66712 0.783125 0.00634058 0.00875 0.626953
0 0.452446 0.406875 0.00634058 0.00875 0.628418
0 0.888134 0.226875 0.00634058 0.00875 0.628906
0 0.23279 0.735 0.00724638 0.0075 0.632324
0 0.277627 0.82375 0.00634058 0.0075 0.637695
0 0.536685 0.089375 0.00634058 0.00875 0.639648
0 0.342844 0.463125 0.00634058 0.00875 0.64209
0 0.392663 0.49625 0.00634058 0.01 0.64502
0 0.577899 0.455625 0.00543478 0.00875 0.648926
0 0.401268 0.4275 0.00724638 0.01 0.649902
0 0.731431 0.168125 0.00634058 0.00875 0.654785
0 0.483243 0.418125 0.00634058 0.00875 0.658203
0 0.769475 0.549375 0.00634058 0.00875 0.660156
0 0.527174 0.27375 0.00724638 0.01 0.662109
0 0.379076 0.7725 0.00634058 0.01 0.665039
0 0.697464 0.161875 0.00724638 0.00875 0.66748
0 0.315217 0.099375 0.00724638 0.00875 0.669434
0 0.893569 0.305625 0.00634058 0.00875 0.683594
