0 0.275815 0.84 0.00634058 0.01 0.498779
0 0.589221 0.461875 0.00634058 0.00875 0.609863
0 0.774004 0.6125 0.00634058 0.01 0.625977
0 0.794837 0.661875 0.00634058 0.00875 0.626465
0 0.447917 0.825 0.00634058 0.0075 0.630371
0 0.385417 0.503125 0.00634058 0.00875 0.632812
0 0.358243 0.943125 0.00634058 0.00875 0.634766
0 0.365036 0.521875 0.00724638 0.00875 0.639648
0 0.213315 0.33125 0.00634058 0.01 0.640137
0 0.618207 0.449375 0.00634058 0.00875 0.64209
0 0.52038 0.27875 0.00634058 0.01 0.644531
0 0.434783 0.735 0.00724638 0.01 0.650879
0 0.392663 0.464375 0.00634058 0.00875 0.658691
0 0.525815 0.109375 0.00634058 0.00875 0.661621
0 0.32337 0.111875 0.00724638 0.00875 0.661621
0 0.34375 0.476875 0.00634058 0.00875 0.669922
0 0.368659 0.0975 0.00724638 0.01 0.674316
0 0.37817 0.79 0.00634058 0.01 0.677246
